394.419084638115	-73.291222727697	0	1
394.119175946932	-73.296381327717	0	1
393.819267173910	-73.301535167620	0	1
393.519358368131	-73.306687100967	0	1
393.219449453811	-73.311832711988	0	1
392.919540537332	-73.316978197154	0	1
392.619631616175	-73.322123409661	0	1
392.319722701696	-73.327269011388	0	1
392.019813790861	-73.332414825523	0	1
391.719904880181	-73.337560648687	0	1
391.419995969390	-73.342706465397	0	1
391.120087058352	-73.347852267671	0	1
390.820178147332	-73.352998070998	0	1
390.520269236321	-73.358143874901	0	1
390.220360325311	-73.363289678804	0	1
389.920451414301	-73.368435482708	0	1
389.620542503290	-73.373581286611	0	1
389.320633592280	-73.378727090514	0	1
389.020724681270	-73.383872894417	0	1
388.720815770259	-73.389018698321	0	1
388.420906859249	-73.394164502225	0	1
388.120997948239	-73.399310306128	0	1
387.821089037228	-73.404456110032	0	1
387.521180126218	-73.409601913935	0	1
387.221271215207	-73.414747717838	0	1
386.921362304197	-73.419893521742	0	1
386.621453393187	-73.425039325645	0	1
386.321544482176	-73.430185129549	0	1
386.021635571166	-73.435330933453	0	1
385.721726660156	-73.440476737356	0	1
385.421817749145	-73.445622541260	0	1
385.121908838135	-73.450768345163	0	1
384.821999927125	-73.455914149067	0	1
384.522091016114	-73.461059952970	0	1
384.222182105104	-73.466205756873	0	1
383.922273194093	-73.471351560777	0	1
383.622364283083	-73.476497364681	0	1
383.322455372073	-73.481643168584	0	1
383.022546461062	-73.486788972488	0	1
382.722637550052	-73.491934776391	0	1
382.422728639042	-73.497080580295	0	1
382.122819728031	-73.502226384198	0	1
381.822910817021	-73.507372188102	0	1
381.523001906010	-73.512517992005	0	1
381.223092995000	-73.517663795908	0	1
380.923184083990	-73.522809599812	0	1
380.623275172979	-73.527955403715	0	1
380.323366261969	-73.533101207618	0	1
380.023457350959	-73.538247011523	0	1
379.723548439948	-73.543392815426	0	1
379.423639528938	-73.548538619329	0	1
379.123730617927	-73.553684423233	0	1
378.823821706917	-73.558830227136	0	1
378.523912795907	-73.563976031040	0	1
378.224003884896	-73.569121834943	0	1
377.924094973886	-73.574267638847	0	1
377.624186062876	-73.579413442750	0	1
377.324277151865	-73.584559246653	0	1
377.024368240855	-73.589705050557	0	1
376.724459329845	-73.594850854461	0	1
376.424550418834	-73.599996658364	0	1
376.124641507824	-73.605142462268	0	1
375.824732596813	-73.610288266171	0	1
375.524823685803	-73.615434070074	0	1
375.224914774793	-73.620579873977	0	1
374.925005863782	-73.625725677881	0	1
374.625096952772	-73.630871481785	0	1
374.325188041762	-73.636017285688	0	1
374.025279130751	-73.641163089592	0	1
373.725370219741	-73.646308893495	0	1
373.425461308730	-73.651454697399	0	1
373.125552397720	-73.656600501303	0	1
372.825643486710	-73.661746305206	0	1
372.525734575699	-73.666892109110	0	1
372.225825664689	-73.672037913014	0	1
371.925916753679	-73.677183716917	0	1
371.626007842668	-73.682329520820	0	1
371.326098931658	-73.687475324723	0	1
371.026190020648	-73.692621128627	0	1
370.726281109637	-73.697766932530	0	1
370.426372198627	-73.702912736433	0	1
370.126463287616	-73.708058540337	0	1
369.826554376606	-73.713204344240	0	1
369.526645465596	-73.718350148143	0	1
369.226736554845	-73.723495967171	0	1
368.926827643098	-73.728641728167	0	1
368.626918729076	-73.733787356533	0	1
368.327009814655	-73.738932961634	0	1
368.027100900012	-73.744078553826	0	1
367.727192082197	-73.749229786531	0	1
367.427283264876	-73.754381047934	0	1
367.127374441582	-73.759531961623	0	1
366.827464874803	-73.764639402821	0	1
366.527554799034	-73.769716868030	0	1
366.227643466137	-73.774719527412	0	1
365.927733637564	-73.779811572760	0	1
365.627825277807	-73.784989405205	0	1
365.327919344029	-73.790305896945	0	1
365.028012223207	-73.795554999857	0	1
364.728104404103	-73.800764053660	0	1
364.428195425206	-73.805905899379	0	1
364.128286414292	-73.811045877379	0	1
363.828377370382	-73.816183929775	0	1
363.528468130499	-73.821310530386	0	1
363.228558810312	-73.826432431034	0	1
362.928661170921	-73.832197849916	0	1
362.628783371414	-73.838916442712	0	1
362.328894653307	-73.845128602707	0	1
362.028970294931	-73.849277469443	0	1
361.729032295669	-73.852282579853	0	1
361.429090892329	-73.854926204731	0	1
361.129148319546	-73.857433640118	0	1
360.829214972250	-73.860871852610	0	1
360.529295697316	-73.865373255164	0	1
360.229410569571	-73.871756361300	0	1
359.929642789528	-73.882297267368	0	1
359.630020697503	-73.896383964657	0	1
359.330646143220	-73.915004077126	0	1
359.031817771500	-73.940954675663	0	1
358.733548118451	-73.972688651721	0	1
358.436077390176	-74.011198336755	0	1
358.140094607361	-74.059840058642	0	1
357.845497579371	-74.116270722589	0	1
357.552669512403	-74.181259573878	0	1
357.262811154079	-74.258421435641	0	1
356.974491213312	-74.341146542000	0	1
356.688608090278	-74.431935684191	0	1
356.405949042552	-74.532313413990	0	1
356.126979092915	-74.642529531873	0	1
355.851795737351	-74.761885920251	0	1
355.582973528991	-74.894951457362	0	1
355.317344158027	-75.034281525783	0	1
355.060655478053	-75.189467647274	0	1
354.808974959223	-75.352650811024	0	1
354.566429893918	-75.529126614215	0	1
354.331855081773	-75.716066395029	0	1
354.109697944820	-75.917605523745	0	1
353.892772672881	-76.124765504813	0	1
353.694284602036	-76.349652784733	0	1
353.501014417603	-76.579039942897	0	1
353.323376238663	-76.820734993791	0	1
353.155083486991	-77.069027926013	0	1
353.000616347724	-77.326149939532	0	1
352.854539956780	-77.588129938901	0	1
352.724732438850	-77.858540432675	0	1
352.601060039747	-78.131811307704	0	1
352.492979080031	-78.411615409888	0	1
352.389525647709	-78.693163312085	0	1
352.295408967994	-78.977968304179	0	1
352.213545772533	-79.266534153533	0	1
352.144508052342	-79.558434180197	0	1
352.083864859537	-79.852192987298	0	1
352.038747423072	-80.148733455254	0	1
352.001955899778	-80.446421576708	0	1
351.975409729834	-80.745197637580	0	1
351.960175350187	-81.044763569117	0	1
351.953435299660	-81.344640886841	0	1
351.954793759046	-81.644590863647	0	1
351.965171201658	-81.944364349198	0	1
351.979398904523	-82.243979780428	0	1
351.996983741209	-82.543416931900	0	1
352.012799695560	-82.842952722376	0	1
352.026411632273	-83.142596760123	0	1
352.038213145299	-83.442317560992	0	1
352.047329393641	-83.742132050588	0	1
352.055464058175	-84.041974778410	0	1
352.064706148778	-84.341785415234	0	1
352.075148737504	-84.641556638886	0	1
352.085796475055	-84.941320645875	0	1
352.096770256772	-85.241072894098	0	1
352.107743958036	-85.540825145269	0	1
352.118717189361	-85.840577413643	0	1
352.129642346916	-86.140331438026	0	1
352.140567151307	-86.440085475280	0	1
352.151492220928	-86.739839502868	0	1
352.162418381382	-87.039593490696	0	1
352.173345104082	-87.339347458030	0	1
352.184271692972	-87.639101430241	0	1
352.195198280632	-87.938855402497	0	1
352.206124868241	-88.238609374755	0	1
352.217051455857	-88.538363347013	0	1
352.227978043477	-88.838117319271	0	1
352.238904631098	-89.137871291528	0	1
352.249831221010	-89.437625263702	0	1
352.260757815652	-89.737379235704	0	1
352.271684356726	-90.037133209658	0	1
352.282610870006	-90.336887184626	0	1
352.293537314722	-90.636641162092	0	1
352.304464585209	-90.936395109457	0	1
352.315393558155	-91.236148994756	0	1
352.326323515041	-91.535902844179	0	1
352.337253972942	-91.835656675332	0	1
352.348159259703	-92.135411423288	0	1
352.359048829774	-92.435166742615	0	1
352.369888049327	-92.734923886851	0	1
352.380672958897	-93.034682990010	0	1
352.391578111451	-93.334437742847	0	1
352.403296719470	-93.634161796614	0	1
352.415408921031	-93.933870202851	0	1
352.427662501760	-94.233572862099	0	1
352.440137672475	-94.533266379404	0	1
352.452461241660	-94.832966168932	0	1
352.467703133944	-95.132531718710	0	1
352.505451874702	-95.430099942945	0	1
352.550230650751	-95.726691740010	0	1
352.601418739322	-96.022244802400	0	1
352.662346491507	-96.315944718392	0	1
352.735566282556	-96.606823889971	0	1
352.820844515596	-96.894399016998	0	1
352.920149690594	-97.177436668355	0	1
353.031741379323	-97.455859236301	0	1
353.166522605057	-97.723825365175	0	1
353.312516954205	-97.985851095174	0	1
353.466007388758	-98.243557362699	0	1
353.632090501245	-98.493333728340	0	1
353.801393932045	-98.740938620194	0	1
353.978042726971	-98.983357755440	0	1
354.162964990157	-99.219526318901	0	1
354.357308622537	-99.448004734172	0	1
354.555750687233	-99.672932680600	0	1
354.765138231274	-99.887708586880	0	1
354.977369947981	-100.099674462911	0	1
355.197360893819	-100.303575953079	0	1
355.419893948191	-100.504699979222	0	1
355.648317185809	-100.699108462950	0	1
355.880510427930	-100.888998253203	0	1
356.116204600531	-101.074524777251	0	1
356.355634816820	-101.255204066650	0	1
356.601596139104	-101.426886511092	0	1
356.854552445801	-101.588084962179	0	1
357.111423537273	-101.742969036390	0	1
357.372702278860	-101.890296064461	0	1
357.638052437247	-102.030157165019	0	1
357.907842319816	-102.161249701739	0	1
358.180556076303	-102.286145822924	0	1
358.458978251995	-102.397738500030	0	1
358.739824641697	-102.503081461270	0	1
359.024447426096	-102.597747740510	0	1
359.310633511524	-102.687577349404	0	1
359.600345620275	-102.765286600389	0	1
359.892364961121	-102.833817896024	0	1
360.187235432030	-102.888801883904	0	1
360.484064479752	-102.931980005636	0	1
360.782568780143	-102.961425145534	0	1
361.081607025354	-102.984833733651	0	1
361.381299347221	-102.997337573206	0	1
361.681045555866	-103.008475104225	0	1
361.980988018193	-103.010995651731	0	1
362.280939516922	-103.010029964733	0	1
362.580823702966	-103.003602757612	0	1
362.880677685280	-102.995894094895	0	1
363.180487976064	-102.986640786071	0	1
363.480292163994	-102.977191812544	0	1
363.780094807375	-102.967693958956	0	1
364.079898428432	-102.958227016331	0	1
364.379702172771	-102.948763978702	0	1
364.679506047551	-102.939305074516	0	1
364.979310237653	-102.929856169889	0	1
365.279114492514	-102.920409320246	0	1
365.578918753018	-102.910962649673	0	1
365.878723003568	-102.901515663209	0	1
366.178527245296	-102.892068396769	0	1
366.478331488259	-102.882621169512	0	1
366.778135731388	-102.873173947543	0	1
367.077939974499	-102.863726724975	0	1
367.377744217612	-102.854279502492	0	1
367.677548460727	-102.844832280073	0	1
367.977352703842	-102.835385057655	0	1
368.277156946957	-102.825937835236	0	1
368.576961190072	-102.816490612818	0	1
368.876765433187	-102.807043390399	0	1
369.176569676302	-102.797596167981	0	1
369.476373919417	-102.788148945562	0	1
369.776178162532	-102.778701723143	0	1
370.075982405647	-102.769254500725	0	1
370.375786648763	-102.759807278307	0	1
370.675590891878	-102.750360055889	0	1
370.975395134993	-102.740912833470	0	1
371.275199378108	-102.731465611052	0	1
371.575003621223	-102.722018388633	0	1
371.874807864338	-102.712571166215	0	1
372.174612107453	-102.703123943796	0	1
372.474416350568	-102.693676721378	0	1
372.774220593683	-102.684229498959	0	1
373.074024836798	-102.674782276541	0	1
373.373829079913	-102.665335054123	0	1
373.673633323029	-102.655887831704	0	1
373.973437566144	-102.646440609285	0	1
374.273241809259	-102.636993386867	0	1
374.573046052374	-102.627546164449	0	1
374.872850295489	-102.618098942030	0	1
375.172654538604	-102.608651719611	0	1
375.472458781719	-102.599204497193	0	1
375.772263024834	-102.589757274774	0	1
376.072067267949	-102.580310052356	0	1
376.371871511064	-102.570862829939	0	1
376.671675754179	-102.561415607520	0	1
376.971479997295	-102.551968385102	0	1
377.271284240410	-102.542521162683	0	1
377.571088483525	-102.533073940265	0	1
377.870892726640	-102.523626717846	0	1
378.170696969755	-102.514179495427	0	1
378.470501212870	-102.504732273009	0	1
378.770305455985	-102.495285050590	0	1
379.070109699100	-102.485837828172	0	1
379.369913942215	-102.476390605754	0	1
379.669718185330	-102.466943383336	0	1
379.969522428445	-102.457496160917	0	1
380.269326671561	-102.448048938498	0	1
380.569130914676	-102.438601716080	0	1
380.868935157791	-102.429154493661	0	1
381.168739400906	-102.419707271242	0	1
381.468543644021	-102.410260048824	0	1
381.768347887136	-102.400812826405	0	1
382.068152130251	-102.391365603987	0	1
382.367956373366	-102.381918381569	0	1
382.667760616481	-102.372471159151	0	1
382.967564859596	-102.363023936733	0	1
383.267369102711	-102.353576714315	0	1
383.567173345827	-102.344129491896	0	1
383.866977588942	-102.334682269478	0	1
384.166781832057	-102.325235047059	0	1
384.466586075172	-102.315787824640	0	1
384.766390318287	-102.306340602222	0	1
385.066194561402	-102.296893379803	0	1
385.365998804517	-102.287446157385	0	1
385.665803047632	-102.277998934966	0	1
385.965607290747	-102.268551712548	0	1
386.265411533862	-102.259104490129	0	1
386.565215776977	-102.249657267711	0	1
386.865020020093	-102.240210045292	0	1
387.164824263208	-102.230762822874	0	1
387.464628506323	-102.221315600456	0	1
387.764432749438	-102.211868378037	0	1
388.064236992553	-102.202421155619	0	1
388.364041235668	-102.192973933200	0	1
388.663845478783	-102.183526710783	0	1
388.963649721898	-102.174079488364	0	1
389.263453965013	-102.164632265946	0	1
389.563258208128	-102.155185043527	0	1
389.863062451243	-102.145737821108	0	1
390.162866694359	-102.136290598690	0	1
390.462670937474	-102.126843376271	0	1
390.762475180589	-102.117396153853	0	1
391.062279423704	-102.107948931435	0	1
391.362083666819	-102.098501709016	0	1
391.661887909934	-102.089054486598	0	1
391.961692153051	-102.079607264241	0	1
392.261496396265	-102.070160044967	0	1
392.561300639033	-102.060712811525	0	1
392.861104881033	-102.051265553729	0	1
393.160909122909	-102.041818291976	0	1
393.460713367156	-102.032371105478	0	1
393.760517644480	-102.022924968732	0	1
394.060321921040	-102.013478807739	0	1
394.360126196244	-102.004032603693	0	1
394.659930195443	-101.994577643871	0	1
394.959734001203	-101.985116552326	0	1
395.259537062199	-101.975631890034	0	1
395.559340128807	-101.966147405158	0	1
395.859143467897	-101.956671537291	0	1
396.158941381258	-101.947025535892	0	1
396.458744934873	-101.937556457898	0	1
396.758565937072	-101.928656974163	0	1
397.058095820260	-101.912729685642	0	1
397.357046682694	-101.888230522248	0	1
397.653022551589	-101.839547224979	0	1
397.947277717682	-101.781360249617	0	1
398.237901111859	-101.707131844220	0	1
398.526246233632	-101.624494567087	0	1
398.810200427835	-101.527841399818	0	1
399.091270713525	-101.423097312251	0	1
399.367532442443	-101.306258618223	0	1
399.640401485110	-101.181702143476	0	1
399.909759721350	-101.049724983703	0	1
400.175762560615	-100.911109254429	0	1
400.438680665352	-100.766728155010	0	1
400.696604919611	-100.613604325134	0	1
400.949851333589	-100.452862036361	0	1
401.195116021196	-100.280185878412	0	1
401.435899495408	-100.101313997865	0	1
401.669991039976	-99.913769398751	0	1
401.901948377642	-99.723591515914	0	1
402.127826686506	-99.526231896842	0	1
402.350034202204	-99.324748268135	0	1
402.565299833045	-99.115864240047	0	1
402.777484762326	-98.903851530422	0	1
402.985254693281	-98.687510392161	0	1
403.189922016725	-98.468231756597	0	1
403.380550905007	-98.236644961177	0	1
403.565084246834	-98.000172389165	0	1
403.741983614767	-97.757936050212	0	1
403.912251972743	-97.510993713400	0	1
404.076740335078	-97.260164267650	0	1
404.235078829247	-97.005408005161	0	1
404.379791568243	-96.742672306800	0	1
404.515449447820	-96.475148905848	0	1
404.642290465354	-96.203334286921	0	1
404.756993217404	-95.926178903071	0	1
404.866635187103	-95.646982786114	0	1
404.967476530340	-95.364488795331	0	1
405.065669148161	-95.081063242924	0	1
405.149836865940	-94.793161137218	0	1
405.215384669974	-94.500457688770	0	1
405.262538629271	-94.204234243105	0	1
405.301899638817	-93.906874958893	0	1
405.335023562264	-93.608756460440	0	1
405.364730144466	-93.310278064338	0	1
405.385566686931	-93.011049604678	0	1
405.392669218390	-92.711180659280	0	1
405.390484129886	-92.411235567645	0	1
405.382377671834	-92.111392076963	0	1
405.370189211631	-91.811686762810	0	1
405.358054363842	-91.511979272629	0	1
405.345960562838	-91.212270123322	0	1
405.333866216468	-90.912560996022	0	1
405.321771710405	-90.612851875166	0	1
405.309677030917	-90.313142761308	0	1
405.297582368481	-90.013433646762	0	1
405.285487734997	-89.713724531048	0	1
405.273393105602	-89.414015415169	0	1
405.261298477741	-89.114306299228	0	1
405.249203848030	-88.814597183362	0	1
405.237109218365	-88.514888067493	0	1
405.225014588785	-88.215178951622	0	1
405.212919959203	-87.915469835750	0	1
405.200825329621	-87.615760719879	0	1
405.188730700039	-87.316051604007	0	1
405.176636070457	-87.016342488136	0	1
405.164541440876	-86.716633372264	0	1
405.152446811294	-86.416924256392	0	1
405.140352181712	-86.117215140521	0	1
405.128257552130	-85.817506024649	0	1
405.116162922548	-85.517796908778	0	1
405.104068292966	-85.218087792906	0	1
405.091973663384	-84.918378677035	0	1
405.079879033766	-84.618669561164	0	1
405.067784403389	-84.318960445325	0	1
405.055689776317	-84.019251329352	0	1
405.043595154681	-83.719542213160	0	1
405.031500541952	-83.419833096608	0	1
405.019405919979	-83.120123980430	0	1
405.007311040411	-82.820414874646	0	1
404.995216046968	-82.520705773458	0	1
404.983120852269	-82.220996680392	0	1
404.971027535370	-81.921287511551	0	1
404.958937450227	-81.621578212325	0	1
404.946898757713	-81.321866844366	0	1
404.934968862054	-81.022151126076	0	1
404.923036289772	-80.722435514337	0	1
404.910693295737	-80.422736524197	0	1
404.896312329032	-80.123128410497	0	1
404.881497571649	-79.823541432884	0	1
404.864518744882	-79.524069308295	0	1
404.846547398668	-79.224655105448	0	1
404.823779875518	-78.925567371008	0	1
404.799208708782	-78.626622406515	0	1
404.765072952981	-78.328618078527	0	1
404.728224135051	-78.030937043802	0	1
404.681894669169	-77.734583521766	0	1
404.605684252647	-77.444473612606	0	1
404.507611594827	-77.161006555219	0	1
404.392025431733	-76.884218430008	0	1
404.261612322633	-76.614099472024	0	1
404.124477823646	-76.347329978255	0	1
403.965851594461	-76.092752784828	0	1
403.795734603399	-75.845706143297	0	1
403.614737263103	-75.606516267282	0	1
403.424005816418	-75.375013893393	0	1
403.222878539301	-75.152483777605	0	1
403.016369542053	-74.934938688796	0	1
402.789346867646	-74.738896503557	0	1
402.555888945369	-74.550563740527	0	1
402.312382156402	-74.375417298760	0	1
402.061930564435	-74.210354190699	0	1
401.801494053817	-74.061543388184	0	1
401.533957839672	-73.925910802119	0	1
401.255637115258	-73.814065341315	0	1
400.973931391764	-73.711042458212	0	1
400.686570310176	-73.625045714321	0	1
400.395491756677	-73.552622604326	0	1
400.101300501910	-73.494113291138	0	1
399.806627214199	-73.438082177021	0	1
399.509937527683	-73.393956629561	0	1
399.212720287147	-73.353537004251	0	1
398.915334117190	-73.314379650223	0	1
398.616579299729	-73.287595464401	0	1
398.317232552874	-73.268533477595	0	1
398.017943961694	-73.248579227897	0	1
397.718099111458	-73.240523195530	0	1
397.418151584745	-73.238702516659	0	1
397.118269426359	-73.245223657527	0	1
396.818370236863	-73.250907876050	0	1
396.518464315027	-73.256225041473	0	1
396.218552953828	-73.261226003896	0	1
395.918641449558	-73.266218378865	0	1
395.618729947210	-73.271210869280	0	1
395.318818447202	-73.276203500237	0	1
395.018906947724	-73.281196163089	0	1
394.718995448144	-73.286188819801	0	1
394.419084638115	-73.291222727697	0	1
