394.493863077283	-76.134189192431	0	1
394.193889867881	-76.142215860417	0	1
393.893915314432	-76.150192140315	0	1
393.593940423370	-76.158155713049	0	1
393.293965245918	-76.166108490587	0	1
392.993990003922	-76.174058833183	0	1
392.694014680453	-76.182006101138	0	1
392.394039355808	-76.189953324673	0	1
392.094064032667	-76.197900605015	0	1
391.794088724935	-76.205848466911	0	1
391.494113417480	-76.213796339289	0	1
391.194138110349	-76.221744223892	0	1
390.894162802802	-76.229692092801	0	1
390.594187495136	-76.237639957236	0	1
390.294212187498	-76.245587822702	0	1
389.994236879858	-76.253535688101	0	1
389.694261572216	-76.261483553412	0	1
389.394286264574	-76.269431418738	0	1
389.094310956933	-76.277379284068	0	1
388.794335649291	-76.285327149400	0	1
388.494360341649	-76.293275014731	0	1
388.194385034008	-76.301222880062	0	1
387.894409726366	-76.309170745393	0	1
387.594434418724	-76.317118610724	0	1
387.294459111083	-76.325066476056	0	1
386.994483803441	-76.333014341387	0	1
386.694508495799	-76.340962206718	0	1
386.394533188158	-76.348910072049	0	1
386.094557880516	-76.356857937381	0	1
385.794582572874	-76.364805802712	0	1
385.494607265233	-76.372753668042	0	1
385.194631957591	-76.380701533373	0	1
384.894656649949	-76.388649398704	0	1
384.594681342308	-76.396597264035	0	1
384.294706034666	-76.404545129367	0	1
383.994730727024	-76.412492994698	0	1
383.694755419383	-76.420440860030	0	1
383.394780111741	-76.428388725361	0	1
383.094804804099	-76.436336590692	0	1
382.794829496458	-76.444284456023	0	1
382.494854188816	-76.452232321354	0	1
382.194878881174	-76.460180186685	0	1
381.894903573532	-76.468128052015	0	1
381.594928265891	-76.476075917347	0	1
381.294952958249	-76.484023782678	0	1
380.994977650607	-76.491971648009	0	1
380.695002342966	-76.499919513340	0	1
380.395027035324	-76.507867378671	0	1
380.095051727682	-76.515815244002	0	1
379.795076420041	-76.523763109334	0	1
379.495101112399	-76.531710974665	0	1
379.195125804757	-76.539658839996	0	1
378.895150497116	-76.547606705327	0	1
378.595175189474	-76.555554570657	0	1
378.295199881832	-76.563502435989	0	1
377.995224574191	-76.571450301320	0	1
377.695249266549	-76.579398166651	0	1
377.395273958907	-76.587346031982	0	1
377.095298651266	-76.595293897313	0	1
376.795323343624	-76.603241762644	0	1
376.495348035982	-76.611189627975	0	1
376.195372728341	-76.619137493306	0	1
375.895397420699	-76.627085358638	0	1
375.595422113057	-76.635033223969	0	1
375.295446805416	-76.642981089300	0	1
374.995471497774	-76.650928954630	0	1
374.695496190132	-76.658876819962	0	1
374.395520882491	-76.666824685293	0	1
374.095545574849	-76.674772550625	0	1
373.795570267207	-76.682720415956	0	1
373.495594959566	-76.690668281287	0	1
373.195619651924	-76.698616146618	0	1
372.895644344282	-76.706564011949	0	1
372.595669036641	-76.714511877280	0	1
372.295693728999	-76.722459742612	0	1
371.995718421357	-76.730407607943	0	1
371.695743113716	-76.738355473274	0	1
371.395767806074	-76.746303338604	0	1
371.095792498432	-76.754251203935	0	1
370.795817190791	-76.762199069266	0	1
370.495841883149	-76.770146934597	0	1
370.195866575507	-76.778094799929	0	1
369.895891267865	-76.786042665260	0	1
369.595915960332	-76.793990534658	0	1
369.295940653451	-76.801938428698	0	1
368.995965342140	-76.809886155571	0	1
368.695990025874	-76.817833695389	0	1
368.396014708829	-76.825781205780	0	1
368.096039430841	-76.833730190260	0	1
367.796064382751	-76.841687845790	0	1
367.496089330910	-76.849645359891	0	1
367.196114269796	-76.857602524445	0	1
366.896136584619	-76.865460141672	0	1
366.596155563106	-76.873189338349	0	1
366.296172558257	-76.880841171875	0	1
365.996193192431	-76.888634362859	0	1
365.696220467789	-76.896679124692	0	1
365.396249980017	-76.904806868536	0	1
365.096284526397	-76.913118328895	0	1
364.796316203151	-76.921325569626	0	1
364.496345800235	-76.929456444705	0	1
364.196362704243	-76.937104695382	0	1
363.896380259598	-76.944778459953	0	1
363.596406414487	-76.952781330814	0	1
363.296458758466	-76.961712001521	0	1
362.996508882026	-76.970567811930	0	1
362.696518420695	-76.977921414003	0	1
362.396558210852	-76.986419969409	0	1
362.096818200048	-77.000711876132	0	1
361.797191347606	-77.017207329583	0	1
361.497998769844	-77.040275225700	0	1
361.199152696815	-77.067466539885	0	1
360.901356129447	-77.104419190072	0	1
360.604206223945	-77.146255446214	0	1
360.308650734713	-77.198171176162	0	1
360.014690188637	-77.258466343861	0	1
359.723299903593	-77.330159968278	0	1
359.433615903027	-77.408463904673	0	1
359.148113407880	-77.500857412526	0	1
358.865924167282	-77.602923715058	0	1
358.588262252283	-77.716731153771	0	1
358.315501648838	-77.841830841601	0	1
358.050590485594	-77.982792856710	0	1
357.792434227761	-78.135775276371	0	1
357.542163756044	-78.301343870556	0	1
357.305358058576	-78.485656803495	0	1
357.079038193093	-78.682704012944	0	1
356.866128251386	-78.894169461853	0	1
356.666133042430	-79.117888537874	0	1
356.484752379907	-79.356947913551	0	1
356.312829796222	-79.602896985149	0	1
356.159515677316	-79.860856516679	0	1
356.017605884661	-80.125261423410	0	1
355.884574290754	-80.394242724961	0	1
355.759489893061	-80.667010442537	0	1
355.645749328685	-80.944699871891	0	1
355.542590835814	-81.226491751791	0	1
355.448861794786	-81.511558750152	0	1
355.366965261740	-81.800247628188	0	1
355.299052793249	-82.092542346138	0	1
355.245067057234	-82.387726822727	0	1
355.199719639388	-82.684361155441	0	1
355.166206239703	-82.982564445849	0	1
355.129137432245	-83.280346658532	0	1
355.098481560715	-83.578857246784	0	1
355.067849392900	-83.877370252868	0	1
355.043155984361	-84.176433082168	0	1
355.025594253295	-84.475999329281	0	1
355.011403016494	-84.775744126481	0	1
355.005679435668	-85.075770112541	0	1
355.002769472338	-85.375836568820	0	1
355.005290208961	-85.675906554123	0	1
355.011533747237	-85.975922172160	0	1
355.019690194433	-86.275891877690	0	1
355.030610798777	-86.575773677970	0	1
355.041816005681	-86.875644978791	0	1
355.053432154875	-87.175500642058	0	1
355.064618161831	-87.475372659757	0	1
355.075619798452	-87.775251498180	0	1
355.086350175394	-88.075140165468	0	1
355.097143224786	-88.375026583702	0	1
355.108027001505	-88.674909722877	0	1
355.118975628083	-88.974790501411	0	1
355.129946567951	-89.274670464457	0	1
355.140911455782	-89.574550648852	0	1
355.151874256780	-89.874430909543	0	1
355.162833493803	-90.174311300502	0	1
355.173771423727	-90.474192469379	0	1
355.184697234176	-90.774074080059	0	1
355.195584207911	-91.073957103184	0	1
355.206601860574	-91.373835353616	0	1
355.217814132507	-91.673706390345	0	1
355.229603929848	-91.973555276334	0	1
355.241636743609	-92.273394508459	0	1
355.254148558530	-92.573214134529	0	1
355.265914719474	-92.873063947554	0	1
355.275011692164	-93.173006606425	0	1
355.285552920556	-93.472901981950	0	1
355.296175150649	-93.772794499282	0	1
355.307377838369	-94.072665894279	0	1
355.318285780930	-94.372548155337	0	1
355.328442978651	-94.672456782787	0	1
355.340405950788	-94.972298808183	0	1
355.355673115159	-95.271990699576	0	1
355.388775027943	-95.570239867245	0	1
355.439749158261	-95.865959199873	0	1
355.508825642816	-96.157980928876	0	1
355.597385284605	-96.444695796225	0	1
355.705268597003	-96.724712692641	0	1
355.827604494663	-96.998724019650	0	1
355.962939207727	-97.266553641806	0	1
356.115686759722	-97.524848945868	0	1
356.279635324929	-97.776183513072	0	1
356.458508192771	-98.017124971387	0	1
356.646500070239	-98.251020380158	0	1
356.852999065090	-98.468750611994	0	1
357.067047509190	-98.679063102539	0	1
357.295078199813	-98.874127814636	0	1
357.531517406646	-99.058910250928	0	1
357.780127260128	-99.226961947471	0	1
358.035724763784	-99.384181772961	0	1
358.299349887662	-99.527534050245	0	1
358.571242959999	-99.654507779580	0	1
358.849067515716	-99.767917004356	0	1
359.132492331506	-99.866499852552	0	1
359.419922775075	-99.952707415895	0	1
359.712307196362	-100.020232246905	0	1
360.006845983534	-100.077634645051	0	1
360.303896301862	-100.120170574088	0	1
360.602469113439	-100.150210616801	0	1
360.902164470900	-100.165409372409	0	1
361.202121478832	-100.174016724828	0	1
361.502200619880	-100.174920816553	0	1
361.802225829938	-100.169157474580	0	1
362.102170078865	-100.160113139547	0	1
362.402078084392	-100.149937598457	0	1
362.701965788746	-100.139180351632	0	1
363.001868255789	-100.128842849177	0	1
363.301779239086	-100.118755452633	0	1
363.601707833712	-100.109206008826	0	1
363.901639023924	-100.099738438162	0	1
364.201571603364	-100.090314980939	0	1
364.501502583102	-100.080840744751	0	1
364.801433424906	-100.071362142902	0	1
365.101364040387	-100.061876382237	0	1
365.401294694808	-100.052391852921	0	1
365.701225366570	-100.042907871975	0	1
366.001156045858	-100.033424129060	0	1
366.301086724649	-100.023940370428	0	1
366.601017402727	-100.014456589210	0	1
366.900948080813	-100.004972808278	0	1
367.200878758903	-99.995489027460	0	1
367.500809436997	-99.986005246796	0	1
367.800740115092	-99.976521466124	0	1
368.100670793186	-99.967037685442	0	1
368.400601471280	-99.957553904762	0	1
368.700532149374	-99.948070124080	0	1
369.000462827469	-99.938586343399	0	1
369.300393505563	-99.929102562719	0	1
369.600324183657	-99.919618782037	0	1
369.900254861751	-99.910135001356	0	1
370.200185539845	-99.900651220675	0	1
370.500116217940	-99.891167439993	0	1
370.800046896034	-99.881683659312	0	1
371.099977574128	-99.872199878632	0	1
371.399908252222	-99.862716097950	0	1
371.699838930316	-99.853232317269	0	1
371.999769608410	-99.843748536587	0	1
372.299700286505	-99.834264755906	0	1
372.599630964599	-99.824780975226	0	1
372.899561642693	-99.815297194544	0	1
373.199492320787	-99.805813413864	0	1
373.499422998881	-99.796329633183	0	1
373.799353676975	-99.786845852501	0	1
374.099284355070	-99.777362071820	0	1
374.399215033164	-99.767878291138	0	1
374.699145711258	-99.758394510457	0	1
374.999076389352	-99.748910729776	0	1
375.299007067446	-99.739426949094	0	1
375.598937745541	-99.729943168413	0	1
375.898868423635	-99.720459387729	0	1
376.198799101728	-99.710975607039	0	1
376.498729779823	-99.701491826384	0	1
376.798660457988	-99.692008047943	0	1
377.098591136230	-99.682524271918	0	1
377.398521814669	-99.673040502160	0	1
377.698452487496	-99.663556554882	0	1
377.998383154429	-99.654072421243	0	1
378.298313797443	-99.644587531188	0	1
378.598244526959	-99.635105376901	0	1
378.898175592661	-99.625633862536	0	1
379.198107413138	-99.616186279578	0	1
379.498039747008	-99.606755010004	0	1
379.797967918124	-99.597192275092	0	1
380.097889224483	-99.587416613538	0	1
380.397792501266	-99.577102631404	0	1
380.697681682788	-99.566386637318	0	1
380.997562468929	-99.555438242181	0	1
381.297474373342	-99.545378266409	0	1
381.597406164121	-99.535929788614	0	1
381.897373351660	-99.527681157725	0	1
382.197357181339	-99.520061733092	0	1
382.497348603573	-99.512747340397	0	1
382.797341955439	-99.505512522249	0	1
383.097334665108	-99.498251124134	0	1
383.397326339184	-99.490947067538	0	1
383.697317787751	-99.483633754685	0	1
383.997309159020	-99.476317271774	0	1
384.297300579873	-99.469002822199	0	1
384.597292004203	-99.461688515237	0	1
384.897283432942	-99.454374389068	0	1
385.197274860796	-99.447060226639	0	1
385.497266288418	-99.439746054704	0	1
385.797257716068	-99.432431883904	0	1
386.097249143718	-99.425117713087	0	1
386.397240571367	-99.417803542251	0	1
386.697231999016	-99.410489371408	0	1
386.997223426665	-99.403175200565	0	1
387.297214854314	-99.395861029722	0	1
387.597206281964	-99.388546858877	0	1
387.897197709613	-99.381232688034	0	1
388.197189137262	-99.373918517190	0	1
388.497180564911	-99.366604346346	0	1
388.797171992560	-99.359290175503	0	1
389.097163420209	-99.351976004659	0	1
389.397154847858	-99.344661833816	0	1
389.697146275507	-99.337347662972	0	1
389.997137703156	-99.330033492128	0	1
390.297129130805	-99.322719321285	0	1
390.597120558454	-99.315405150440	0	1
390.897111986103	-99.308090979597	0	1
391.197103413752	-99.300776808754	0	1
391.497094841401	-99.293462637902	0	1
391.797086269043	-99.286148466794	0	1
392.097077696058	-99.278834269921	0	1
392.397069123699	-99.271520098768	0	1
392.697060561299	-99.264206336058	0	1
392.997051999925	-99.256892615464	0	1
393.297043437833	-99.249578865413	0	1
393.597034628850	-99.242254995495	0	1
393.897025748798	-99.234928215136	0	1
394.197016872055	-99.227601570381	0	1
394.497009482068	-99.220336056420	0	1
394.797004072809	-99.213152794029	0	1
395.097004903503	-99.206235044182	0	1
395.397016054394	-99.199780348612	0	1
395.697029514203	-99.193434087721	0	1
395.996971919741	-99.184328828087	0	1
396.296847231476	-99.173231786400	0	1
396.596522844369	-99.157647229942	0	1
396.896046968001	-99.139382242335	0	1
397.194656878475	-99.109712189483	0	1
397.490321536159	-99.058423222142	0	1
397.780942290541	-98.983670986672	0	1
398.068962381294	-98.899452786140	0	1
398.352553315820	-98.801348263132	0	1
398.632581877644	-98.693495256107	0	1
398.906618527985	-98.571215870034	0	1
399.177520279716	-98.442140268306	0	1
399.441468657172	-98.299383502796	0	1
399.696506488778	-98.141257071643	0	1
399.942902625598	-97.969975900328	0	1
400.181873496230	-97.788478800065	0	1
400.411637130083	-97.595458209025	0	1
400.631760343972	-97.391511927941	0	1
400.844728196023	-97.180104842318	0	1
401.046261655179	-96.957770458854	0	1
401.239865914245	-96.728498469511	0	1
401.420637183562	-96.488977967943	0	1
401.593942213672	-96.244001193583	0	1
401.753539501339	-95.989881088412	0	1
401.905185252191	-95.730937362064	0	1
402.045050125247	-95.465445338362	0	1
402.166535079258	-95.191055752992	0	1
402.271899880130	-94.910081557818	0	1
402.360961280139	-94.623522062602	0	1
402.436474404201	-94.333098469558	0	1
402.487237932582	-94.037342854662	0	1
402.528865937647	-93.740163828596	0	1
402.555693880015	-93.441284944734	0	1
402.574164352769	-93.141773445588	0	1
402.580661552980	-92.841763233378	0	1
402.581475225528	-92.541683819441	0	1
402.572563080393	-92.241735633512	0	1
402.557814906654	-91.942017705245	0	1
402.538326415585	-91.642570628335	0	1
402.520104020563	-91.343043839227	0	1
402.503240407867	-91.043437479198	0	1
402.488303397271	-90.743728888565	0	1
402.474062095265	-90.443986434461	0	1
402.460716811449	-90.144202750941	0	1
402.448224956807	-89.844382292513	0	1
402.436047653594	-89.544548893809	0	1
402.424314599435	-89.244697782092	0	1
402.412615770980	-88.944845333093	0	1
402.400938425926	-88.644992046783	0	1
402.388827974779	-88.345155940407	0	1
402.376340084837	-88.045335316957	0	1
402.363233268746	-87.745541112890	0	1
402.349064066636	-87.445795241512	0	1
402.334437211677	-87.146071354024	0	1
402.319109446450	-86.846382493131	0	1
402.304095648370	-86.546677739071	0	1
402.289345001855	-86.246959918503	0	1
402.275496396747	-85.947199064008	0	1
402.261807999100	-85.647430851021	0	1
402.248322322330	-85.347653449805	0	1
402.234797953614	-85.047877791673	0	1
402.221255199736	-84.748102963551	0	1
402.207686754376	-84.448329297182	0	1
402.194120872497	-84.148555514794	0	1
402.180557569290	-83.848781615724	0	1
402.166995562844	-83.549007657984	0	1
402.153408503162	-83.249234834722	0	1
402.139757122063	-82.949464933711	0	1
402.126109347081	-82.649694868501	0	1
402.112470258960	-82.349924408247	0	1
402.099831345448	-82.050110113323	0	1
402.088182055371	-81.750255735700	0	1
402.076855620809	-81.450389019810	0	1
402.055288384970	-81.151084481138	0	1
402.031029201432	-80.851986133968	0	1
401.994558516431	-80.554130066617	0	1
401.951938178775	-80.257091628969	0	1
401.896098223829	-79.962252280015	0	1
401.831553498609	-79.669195513068	0	1
401.746382196917	-79.381455753054	0	1
401.646218704885	-79.098585503121	0	1
401.527758917561	-78.822876248870	0	1
401.393165831225	-78.554673048914	0	1
401.233603884838	-78.300530750987	0	1
401.060223690139	-78.055607012275	0	1
400.874912382505	-77.819581478663	0	1
400.678712906619	-77.592526245670	0	1
400.467566646549	-77.379299642723	0	1
400.244738959710	-77.178311691700	0	1
400.012233512362	-76.988602621951	0	1
399.766593802246	-76.816238359011	0	1
399.507814558485	-76.664312045264	0	1
399.236893978666	-76.535275737641	0	1
398.958698060221	-76.422779824335	0	1
398.671651109037	-76.335301976283	0	1
398.379594260521	-76.266373487398	0	1
398.084599281203	-76.211361529593	0	1
397.789143051101	-76.158883366732	0	1
397.491541557771	-76.120390528455	0	1
397.192766358935	-76.092431196739	0	1
396.893015543199	-76.078367010226	0	1
396.593091803850	-76.068666559433	0	1
396.293017550535	-76.070614955429	0	1
395.992946974620	-76.073064832717	0	1
395.693006193201	-76.082223511402	0	1
395.393079280957	-76.091825619007	0	1
395.093394358704	-76.107230200316	0	1
394.793749401334	-76.123393526398	0	1
394.493863077283	-76.134189192431	0	1
