123.122	70.623	0	1
123.0750185	70.91977778	0	1
123.028037	71.21655556	0	1
122.9810556	71.51333333	0	1
122.9340741	71.81011111	0	1
122.8870926	72.10688889	0	1
122.8401111	72.40366667	0	1
122.7931296	72.70044444	0	1
122.7461481	72.99722222	0	1
122.6991667	73.294	0	1
122.6521852	73.59077778	0	1
122.6052037	73.88755556	0	1
122.5582222	74.18433333	0	1
122.5112407	74.48111111	0	1
122.4642593	74.77788889	0	1
122.4172778	75.07466667	0	1
122.3702963	75.37144444	0	1
122.3233148	75.66822222	0	1
122.2763333	75.965	0	1
122.2293519	76.26177778	0	1
122.1823704	76.55855556	0	1
122.1353889	76.85533333	0	1
122.0884074	77.15211111	0	1
122.0414259	77.44888889	0	1
121.9944444	77.74566667	0	1
121.947463	78.04244444	0	1
121.9004815	78.33922222	0	1
121.8535	78.636	0	1
121.8065185	78.93277778	0	1
121.759537	79.22955556	0	1
121.7125556	79.52633333	0	1
121.6655741	79.82311111	0	1
121.6185926	80.11988889	0	1
121.5716111	80.41666667	0	1
121.5246296	80.71344444	0	1
121.4776481	81.01022222	0	1
121.4306667	81.307	0	1
121.3836852	81.60377778	0	1
121.3367037	81.90055556	0	1
121.2897222	82.19733333	0	1
121.2427407	82.49411111	0	1
121.1957593	82.79088889	0	1
121.1487778	83.08766667	0	1
121.1017963	83.38444444	0	1
121.0548148	83.68122222	0	1
121.0078333	83.978	0	1
120.9608519	84.27477778	0	1
120.9138704	84.57155556	0	1
120.8668889	84.86833333	0	1
120.8199074	85.16511111	0	1
120.7729259	85.46188889	0	1
120.7259444	85.75866667	0	1
120.678963	86.05544444	0	1
120.6319815	86.35222222	0	1
120.585	86.649	0	1
120.5380185	86.94577778	0	1
120.491037	87.24255556	0	1
120.4440556	87.53933333	0	1
120.3970741	87.83611111	0	1
120.3500926	88.13288889	0	1
120.3031111	88.42966667	0	1
120.2561296	88.72644444	0	1
120.2091481	89.02322222	0	1
120.1621667	89.32	0	1
120.1151852	89.61677778	0	1
120.0682037	89.91355556	0	1
120.0212222	90.21033333	0	1
119.9742407	90.50711111	0	1
119.9272593	90.80388889	0	1
119.8802778	91.10066667	0	1
119.8332963	91.39744444	0	1
119.7863148	91.69422222	0	1
119.7393333	91.991	0	1
119.6923519	92.28777778	0	1
119.6453704	92.58455556	0	1
119.5983889	92.88133333	0	1
119.5514074	93.17811111	0	1
119.5044259	93.47488889	0	1
119.4574444	93.77166667	0	1
119.410463	94.06844444	0	1
119.3634815	94.36522222	0	1
119.3165	94.662	0	1
119.2695185	94.95877778	0	1
119.222537	95.25555556	0	1
119.1755556	95.55233333	0	1
119.1285741	95.84911111	0	1
119.0815926	96.14588889	0	1
119.0346111	96.44266667	0	1
118.9876296	96.73944444	0	1
118.9406481	97.03622222	0	1
118.8936667	97.333	0	1
118.8466852	97.62977778	0	1
118.7997037	97.92655556	0	1
118.7527222	98.22333333	0	1
118.7057407	98.52011111	0	1
118.6587593	98.81688889	0	1
118.6117778	99.11366667	0	1
118.5647963	99.41044444	0	1
118.5178148	99.70722222	0	1
118.4708333	100.004	0	1
118.4238519	100.3007778	0	1
118.3768704	100.5975556	0	1
118.3298889	100.8943333	0	1
118.2829074	101.1911111	0	1
118.2359259	101.4878889	0	1
118.1889444	101.7846667	0	1
118.141963	102.0814444	0	1
118.0949815	102.3782222	0	1
118.048	102.675	0	1
118.0010185	102.9717778	0	1
117.954037	103.2685556	0	1
117.9070556	103.5653333	0	1
117.8600741	103.8621111	0	1
117.8130926	104.1588889	0	1
117.7661111	104.4556667	0	1
117.7191296	104.7524444	0	1
117.6721481	105.0492222	0	1
117.6251667	105.346	0	1
117.5781852	105.6427778	0	1
117.5312037	105.9395556	0	1
117.4842222	106.2363333	0	1
117.4372407	106.5331111	0	1
117.3902593	106.8298889	0	1
117.3432778	107.1266667	0	1
117.2962963	107.4234444	0	1
117.2493148	107.7202222	0	1
117.2023333	108.017	0	1
117.1553519	108.3137778	0	1
117.1083704	108.6105556	0	1
117.0613889	108.9073333	0	1
117.0144074	109.2041111	0	1
116.9674259	109.5008889	0	1
116.9204444	109.7976667	0	1
116.873463	110.0944444	0	1
116.8264815	110.3912222	0	1
116.7795	110.688	0	1
116.7325185	110.9847778	0	1
116.685537	111.2815556	0	1
116.6385556	111.5783333	0	1
116.5915741	111.8751111	0	1
116.5445926	112.1718889	0	1
116.4976111	112.4686667	0	1
116.4506296	112.7654444	0	1
116.4036481	113.0622222	0	1
116.3566667	113.359	0	1
116.3096852	113.6557778	0	1
116.2627037	113.9525556	0	1
116.2157222	114.2493333	0	1
116.1687407	114.5461111	0	1
116.1217593	114.8428889	0	1
116.0747778	115.1396667	0	1
116.0277963	115.4364444	0	1
115.9808148	115.7332222	0	1
115.9338333	116.03	0	1
115.8868519	116.3267778	0	1
115.8398704	116.6235556	0	1
115.7928889	116.9203333	0	1
115.7459074	117.2171111	0	1
115.6989259	117.5138889	0	1
115.6519444	117.8106667	0	1
115.604963	118.1074444	0	1
115.5579815	118.4042222	0	1
115.511	118.701	0	1
115.4640185	118.9977778	0	1
115.417037	119.2945556	0	1
115.3700556	119.5913333	0	1
115.3230741	119.8881111	0	1
115.2760926	120.1848889	0	1
115.2291111	120.4816667	0	1
115.1821296	120.7784444	0	1
115.1351481	121.0752222	0	1
115.0881667	121.372	0	1
115.0411852	121.6687778	0	1
114.9942037	121.9655556	0	1
114.9472222	122.2623333	0	1
114.9002407	122.5591111	0	1
114.8532593	122.8558889	0	1
114.8062778	123.1526667	0	1
114.7592963	123.4494444	0	1
114.7123148	123.7462222	0	1
114.6653333	124.043	0	1
114.6183519	124.3397778	0	1
114.5713704	124.6365556	0	1
114.5243889	124.9333333	0	1
114.4774074	125.2301111	0	1
114.4304259	125.5268889	1	1
114.3834444	125.8236667	1	1
114.336463	126.1204444	1	1
114.2894815	126.4172222	1	1
114.2425	126.714	1	1
114.1955185	127.0107778	1	1
114.148537	127.3075556	1	1
114.1015556	127.6043333	1	1
114.0545741	127.9011111	1	1
114.0075926	128.1978889	1	1
113.9606111	128.4946667	1	1
113.9136296	128.7914444	1	1
113.8666481	129.0882222	1	1
113.8196667	129.385	1	1
113.7726852	129.6817778	1	1
113.7257037	129.9785556	1	1
113.6787222	130.2753333	1	1
113.6317407	130.5721111	1	1
113.5847593	130.8688889	1	1
113.5377778	131.1656667	1	1
113.4907963	131.4624444	1	1
113.4438148	131.7592222	1	1
113.3968333	132.056	1	1
113.3498519	132.3527778	1	1
113.3028704	132.6495556	1	1
113.2558889	132.9463333	1	1
113.2089074	133.2431111	1	1
113.1619259	133.5398889	1	1
113.1149444	133.8366667	1	1
113.067963	134.1334444	1	1
113.0209815	134.4302222	1	1
112.974	134.727	1	1
112.891	135.009	1	1
112.804	135.289	1	1
112.7119567	135.588084	1	1
112.6169357	135.8742512	1	1
112.5061579	136.1546953	1	1
112.3799656	136.4285495	1	1
112.238749	136.6949675	1	1
112.0829446	136.9531255	1	1
111.9130338	137.2022259	1	1
111.729542	137.4414985	1	1
111.5330362	137.6702038	1	1
111.3241239	137.8876348	1	1
111.1034508	138.0931196	1	1
110.8716989	138.286023	1	1
110.6295846	138.4657486	1	1
110.3778563	138.6317411	1	1
110.1172921	138.7834873	1	1
109.8486973	138.9205182	0	1
109.5729021	139.0424102	0	1
109.1555073	139.1557327	0	1
108.8613344	139.2156216	0	1
108.5660555	139.2697948	0	1
108.2697816	139.318232	0	1
107.9726242	139.3609149	0	1
107.6746949	139.3978275	0	1
107.3761059	139.428956	0	1
107.0769694	139.4542885	0	1
106.7773979	139.4738156	0	1
106.4775041	139.48753	0	1
106.1774008	139.4954264	0	1
105.8772007	139.497502	0	1
105.5770169	139.4937559	0	1
105.2769621	139.4841895	0	1
104.9771493	139.4688064	0	1
104.6776911	139.4476125	0	1
104.3787002	139.4206157	0	1
104.0802891	139.3878261	0	1
103.7825699	139.3492561	0	1
103.4856545	139.3049202	0	1
103.0389583	139.2484167	0	1
102.7389167	139.1958333	0	1
102.438875	139.14325	0	1
102.1388333	139.0906667	0	1
101.8387917	139.0380833	0	1
101.53875	138.9855	0	1
101.2387083	138.9329167	0	1
100.9386667	138.8803333	0	1
100.638625	138.82775	0	1
100.3385833	138.7751667	0	1
100.0385417	138.7225833	0	1
99.7385	138.67	0	1
99.43845833	138.6174167	0	1
99.13841667	138.5648333	0	1
98.838375	138.51225	0	1
98.53833333	138.4596667	0	1
98.23829167	138.4070833	0	1
97.93825	138.3545	0	1
97.63820833	138.3019167	0	1
97.33816667	138.2493333	0	1
97.038125	138.19675	0	1
96.73808333	138.1441667	0	1
96.43804167	138.0915833	0	1
96.138	138.039	0	1
95.83795833	137.9864167	0	1
95.53791667	137.9338333	0	1
95.237875	137.88125	0	1
94.93783333	137.8286667	0	1
94.63779167	137.7760833	0	1
94.33775	137.7235	0	1
94.03770833	137.6709167	0	1
93.73766667	137.6183333	0	1
93.437625	137.56575	0	1
93.13758333	137.5131667	0	1
92.83754167	137.4605833	0	1
92.5375	137.408	0	1
92.23745833	137.3554167	0	1
91.93741667	137.3028333	0	1
91.637375	137.25025	0	1
91.33733333	137.1976667	0	1
91.03729167	137.1450833	0	1
90.73725	137.0925	0	1
90.43720833	137.0399167	1	1
90.13716667	136.9873333	1	1
89.837125	136.93475	1	1
89.53708333	136.8821667	1	1
89.23704167	136.8295833	1	1
88.937	136.777	1	1
88.652	136.71	1	1
88.36192303	136.6205121	1	1
88.06678656	136.5619037	1	1
87.77287369	136.4974389	1	1
87.48030062	136.4271432	1	1
87.18918301	136.3510444	1	1
86.89963596	136.2691726	1	1
86.61177393	136.1815602	1	1
86.32571073	136.0882418	1	1
86.04155945	135.9892542	1	1
85.75943243	135.8846367	1	1
85.4794412	135.7744305	1	1
85.20169646	135.6586793	1	1
84.92630801	135.5374288	1	1
84.65338472	135.4107269	1	1
84.38303449	135.2786238	1	1
84.1153642	135.1411716	1	1
83.85047966	134.9984248	1	1
83.58848561	134.8504396	1	1
83.32948562	134.6972747	1	1
83.07358207	134.5389906	1	1
82.82087615	134.3756499	1	1
82.57146774	134.207317	1	1
82.32545547	134.0340587	1	1
82.08293657	133.8559434	1	1
81.84400694	133.6730415	1	1
81.60876103	133.4854253	1	1
81.37729184	133.2931689	1	1
81.14969088	133.0963485	1	1
80.92604813	132.8950417	1	1
80.706452	132.6893283	1	1
80.49098932	132.4792894	1	1
80.27974526	132.2650082	1	1
80.07280334	132.0465694	1	1
79.87024537	131.8240593	1	1
79.67215142	131.5975658	1	1
79.47873786	131.3670639	1	1
79.288668073269	131.134409830964	1	1
79.1050566987976	130.896402172654	1	1
78.9180806272153	130.661028574082	1	1
78.7277776413028	130.428336597851	1	1
78.5341861961194	130.198373264684	1	1
78.337345411233	129.971185043918	1	1
78.1372950628143	129.746817844117	1	1
77.9340755755997	129.525317003789	1	1
77.7277280147225	129.306727282235	1	1
77.5182940774144	129.091092850492	1	1
77.3058160845802	128.878457282417	1	1
77.0903369722452	128.668863545877	1	1
76.8719002828795	128.462353994068	1	1
76.6505501565992	128.258970356956	1	1
76.4263313222467	128.058753732843	1	1
76.0940015840055	127.771615171273	1	1
75.867373181592	127.575045687817	1	1
75.6408847103205	127.37831504825	1	1
75.414508037254	127.181457010621	1	1
75.1865596139772	126.986420380082	1	1
74.9573518446838	126.792864854621	1	1
74.7288792295267	126.598441957066	1	1
74.5002464356389	126.404207445305	1	1
74.2714561209543	126.210158504195	1	1
74.0425147963334	126.016287752277	1	1
73.8134264283755	125.822590778988	1	1
73.5841949257012	125.629063221659	1	1
73.3548235040105	125.435701519629	1	1
73.1253167655887	125.242500448759	1	1
72.8956776203336	125.049456775879	1	1
72.6659107579503	124.856565133396	1	1
72.433338113351	124.667070970534	1	1
72.1801614625047	124.512192347077	1	1
71.9468312069597	124.323637156595	1	1
71.712128701202	124.136782396173	1	1
71.4771977980833	123.950214864235	1	1
71.2420570102156	123.763911914267	1	1
71.0067242673659	123.577851480771	1	1
70.7712170860429	123.392011879051	1	1
70.535552873602	123.206371437125	1	1
70.2997416274484	123.020917795904	1	1
70.0639096826609	122.835490852246	1	1
69.8278294221363	122.650399940948	1	1
69.5875419615158	122.470793185637	1	1
69.3474995818886	122.290861265531	1	1
69.1083217076185	122.109770287421	1	1
68.8690794036515	121.928764432752	1	1
68.6298025889715	121.747804200162	1	1
68.3905095594444	121.566865409492	1	1
68.1512109165897	121.385934042598	1	1
67.9108048385212	121.206478774093	1	1
67.6681999806607	121.030005371112	1	1
67.4226018105603	120.857751271524	1	1
67.172739315082	120.691728332704	1	1
66.9192216246514	120.53134561292	1	1
66.6623418123149	120.376408827367	1	1
66.4022136966935	120.22698767399	1	1
66.1389258092185	120.08319979655	1	1
65.8722122716813	119.945870399603	1	1
65.6026326249819	119.814265089457	1	1
65.3303074056666	119.688441162941	1	1
65.0553572834743	119.568455605358	1	1
64.7777423145765	119.454768867053	1	1
64.4975756690482	119.3475262234	1	1
64.2151872184799	119.24628641264	1	1
63.9307026997218	119.151094073508	1	1
63.6442485803639	119.061991789752	1	1
63.3557327501198	118.979810256991	1	1
63.0654943098248	118.903947702855	1	1
62.7737048503076	118.8342946983	1	1
62.480494035874	118.770882861135	1	1
62.1859505652222	118.713969474034	1	1
61.8901366286388	118.664079284844	1	1
61.5933289881904	118.620511583515	1	1
61.2956596406455	118.583285713958	1	1
60.9972607876443	118.552420137462	1	1
60.6982210516748	118.52854591922	1	1
60.398736073962	118.511085976508	1	1
60.0990007631678	118.498630232719	1	1
59.7990975153029	118.491460035894	1	1
59.4991067932903	118.4904486963	1	1
59.1991707498363	118.496272124799	1	1
58.8994267924131	118.508426999994	1	1
58.5999958038316	118.526709361047	1	1
58.3010002991679	118.55111108151	1	1
58.0025626232438	118.581622118321	1	1
57.7049176743546	118.619084771826	1	1
57.4081100933302	118.662663968825	1	1
57.1122569045335	118.712303011091	1	1
56.8174794353068	118.767983125891	1	1
56.523924379061	118.829798586037	1	1
56.231871633038	118.898361612684	1	1
55.9412854734322	118.972882173927	1	1
55.6522847905884	119.053329635186	1	1
55.3648711221829	119.139288290478	1	1
55.0778410908979	119.22654515918	1	1
54.7908151175735	119.313815374932	1	1
54.5037987159197	119.401117063194	1	1
54.2168004439871	119.488478329358	1	1
53.9298315944432	119.575936190321	1	1
53.6429085022347	119.663544041478	1	1
53.3560534043804	119.751374244591	1	1
53.0707203780635	119.843814324969	1	1
52.7873554312858	119.942220718082	1	1
52.4970442755979	120.012989457617	1	1
52.2151963078723	120.113932911007	1	1
51.9347105963456	120.220364880169	1	1
51.6542960834142	120.326984288943	1	1
51.373956764028	120.433801242243	1	1
51.0936972813693	120.540827480692	1	1
50.8135233327179	120.648077420433	1	1
50.5334401433018	120.75556414464	1	1
50.2534527590986	120.863300168767	1	1
49.9735673059936	120.971300709259	1	1
49.6937893054235	121.079579292097	1	1
49.4141241064394	121.18814887738	1	1
49.1345775745244	121.297023630901	1	1
48.8551556235989	121.406217706222	1	1
48.5758639509697	121.515744558702	1	1
48.2967085407124	121.625618230984	1	1
48.01769540047	121.735852670085	1	1
47.7388304369109	121.846461411398	1	1
47.4601195007765	121.957457684839	1	1
47.1815688306681	122.068855535471	1	1
46.9031838783488	122.180666865704	1	1
46.6249709078305	122.292905438803	1	1
46.3469361308174	122.40558470823	1	1
46.0700187322158	122.52130560463	1	1
45.7880031082993	122.625628420015	1	1
45.5077461732846	122.73458764321	1	1
45.2293241449545	122.84815364201	1	1
44.9528127420763	122.96629553137	1	1
44.67828716381	123.088981181796	1	1
44.4058220692568	123.216177228091	1	1
44.1354915571553	123.347849078423	1	1
43.86736914573	123.483960923736	1	1
43.6015277526974	123.624475747486	1	1
43.3380396754353	123.76935533571	1	1
43.0769765713216	123.918560287415	1	1
42.8184094382458	124.0720500253	1	1
42.5624085953013	124.229782806784	1	1
42.3090436636615	124.391715735363	1	1
42.0583835476456	124.557804772274	1	1
41.8104964159799	124.728004748471	1	1
41.5654496832585	124.902269376912	1	1
41.32330999161	125.080551265143	1	1
41.0841431925729	125.262801928191	1	1
40.8480143291878	125.448971801746	1	1
40.7198999	125.5524746	1	1
40.46254886	125.7074388	1	1
40.20330824	125.8592209	1	1
39.94221739	126.0077976	1	1
39.67931595	126.1531465	1	1
39.4146438	126.2952455	1	1
39.14824113	126.4340731	1	1
38.88014837	126.5696082	1	1
38.61040621	126.7018301	1	1
38.33905559	126.8307189	1	1
38.06613769	126.956255	1	1
37.79169395	127.0784192	1	1
37.51576601	127.1971932	1	1
37.23839576	127.3125588	1	1
36.95962529	127.4244985	1	1
36.60438313	127.5032227	1	1
36.30886793	127.5572547	1	1
36.01272144	127.6077122	1	1
35.7159869	127.6545878	1	1
35.41870764	127.6978745	1	1
35.12092706	127.7375661	1	1
34.82268863	127.7736569	1	1
34.5240359	127.8061414	1	1
34.22501247	127.835015	1	1
33.92566199	127.8602735	1	1
33.62602817	127.8819132	1	1
33.32615476	127.8999309	1	1
33.02608554	127.914324	1	1
32.72586431	127.9250903	1	1
32.42553491	127.9322284	1	1
32.12514119	127.9357371	1	1
31.824727	127.9356161	1	1
31.5243362	127.9318651	1	1
31.22401265	127.924485	1	1
30.9238002	127.9134766	1	1
30.62374268	127.8988416	1	1
30.32388389	127.8805822	1	1
30.02426761	127.858701	1	1
29.72493759	127.8332012	1	1
29.42593753	127.8040865	1	1
29.12731109	127.7713612	1	1
28.82910185	127.73503	1	1
28.53135336	127.6950984	1	1
28.2341091	127.651572	1	1
27.93741245	127.6044573	1	1
27.64130673	127.5738	1	1
27.34583518	127.5295	1	1
27.015	127.509	2	1
26.71534483	127.4672069	2	1
26.41568966	127.4254138	2	1
26.11603448	127.3836207	2	1
25.81637931	127.3418276	2	1
25.51672414	127.3000345	2	1
25.21706897	127.2582414	2	1
24.91741379	127.2164483	2	1
24.61775862	127.1746552	2	1
24.31810345	127.1328621	2	1
24.01844828	127.091069	2	1
23.7187931	127.0492759	2	1
23.41913793	127.0074828	2	1
23.11948276	126.9656897	2	1
22.81982759	126.9238966	2	1
22.52017241	126.8821034	2	1
22.22051724	126.8403103	2	1
21.92086207	126.7985172	2	1
21.6212069	126.7567241	2	1
21.32155172	126.714931	2	1
21.02189655	126.6731379	2	1
20.72224138	126.6313448	2	1
20.42258621	126.5895517	2	1
20.12293103	126.5477586	2	1
19.82327586	126.5059655	2	1
19.52362069	126.4641724	2	1
19.22396552	126.4223793	2	1
18.92431034	126.3805862	2	1
18.62465517	126.3387931	2	1
18.325	126.297	2	1
18.04023723	126.2404	2	1
17.74048969	126.1932	2	1
17.44173435	126.1351658	2	1
17.14435629	126.0914584	2	1
16.84873882	126.0371044	2	1
16.55526296	125.9721739	2	1
16.264307	125.8967505	2	1
15.97624597	125.8109316	2	1
15.69145116	125.7148276	2	1
15.41028966	125.6085626	2	1
15.13312388	125.4922734	2	1
14.86031106	125.3661099	2	1
14.59220285	125.2302348	2	1
14.32914483	125.0848233	2	1
14.07147607	124.9300626	2	1
13.81952869	124.7661524	2	1
13.57362744	124.5933038	2	1
13.33408928	124.4117397	2	1
13.10122295	124.2216941	2	1
12.87532861	124.023412	2	1
12.65669744	123.8171489	2	1
12.44561122	123.6031708	2	1
12.24234205	123.3817533	2	1
12.04715193	123.1531819	2	1
11.86029245	122.9177513	2	1
11.68200446	122.6757648	2	1
11.51251777	122.4275345	2	1
11.35205084	122.1733802	2	1
11.20081049	121.9136295	2	1
11.05899168	121.6486173	0	1
10.9649712	121.289789	0	1
10.86564506	121.0059761	0	1
10.77461555	120.7193944	0	1
10.6919597	120.4302863	0	1
10.61774745	120.1388965	0	1
10.55204159	119.8454716	0	1
10.4948977	119.5502597	0	1
10.44636414	119.2535107	0	1
10.40648197	118.9554757	0	1
10.37528495	118.6564068	0	1
10.35279945	118.3565571	0	1
10.33904451	118.0561802	0	1
10.33403177	117.7555304	0	1
10.33776546	117.4548619	0	1
10.35024243	117.1544292	0	1
10.37145213	116.8544865	0	1
10.38645	116.61725	0	0
10.4013766	116.38	0	1
10.43614354	116.0830861	0	1
10.48328708	115.7861722	0	1
10.53043062	115.4892584	0	1
10.57757416	115.1923445	0	1
10.6247177	114.8954306	0	1
10.67186124	114.5985167	0	1
10.71900478	114.3016029	0	1
10.76614833	114.004689	0	1
10.81329187	113.7077751	0	1
10.86043541	113.4108612	0	1
10.90757895	113.1139474	0	1
10.95472249	112.8170335	0	1
11.00186603	112.5201196	0	1
11.04900957	112.2232057	0	1
11.09615311	111.9262919	0	1
11.14329665	111.629378	0	1
11.19044019	111.3324641	0	1
11.23758373	111.0355502	0	1
11.28472727	110.7386364	0	1
11.33187081	110.4417225	0	1
11.37901435	110.1448086	0	1
11.42615789	109.8478947	0	1
11.47330144	109.5509809	0	1
11.52044498	109.254067	0	1
11.56758852	108.9571531	0	1
11.61473206	108.6602392	0	1
11.6618756	108.3633254	0	1
11.70901914	108.0664115	0	1
11.75616268	107.7694976	0	1
11.80330622	107.4725837	0	1
11.85044976	107.1756699	0	1
11.8975933	106.878756	0	1
11.94473684	106.5818421	0	1
11.99188038	106.2849282	0	1
12.03902392	105.9880144	0	1
12.08616746	105.6911005	0	1
12.133311	105.3941866	0	1
12.18045455	105.0972727	0	1
12.22759809	104.8003589	0	1
12.27474163	104.503445	0	1
12.32188517	104.2065311	0	1
12.36902871	103.9096172	0	1
12.41617225	103.6127033	0	1
12.46331579	103.3157895	0	1
12.51045933	103.0188756	0	1
12.55760287	102.7219617	0	1
12.60474641	102.4250478	0	1
12.65188995	102.128134	0	1
12.69903349	101.8312201	0	1
12.74617703	101.5343062	0	1
12.79332057	101.2373923	0	1
12.84046411	100.9404785	0	1
12.88760766	100.6435646	0	1
12.9347512	100.3466507	0	1
12.98189474	100.0497368	0	1
13.02903828	99.75282297	0	1
13.07618182	99.45590909	0	1
13.12332536	99.15899522	0	1
13.1704689	98.86208134	0	1
13.21761244	98.56516746	0	1
13.26475598	98.26825359	0	1
13.31189952	97.97133971	0	1
13.35904306	97.67442584	0	1
13.4061866	97.37751196	0	1
13.45333014	97.08059809	0	1
13.50047368	96.78368421	0	1
13.54761722	96.48677033	0	1
13.59476077	96.18985646	0	1
13.64190431	95.89294258	0	1
13.68904785	95.59602871	0	1
13.73619139	95.29911483	0	1
13.78333493	95.00220096	0	1
13.83047847	94.70528708	0	1
13.87762201	94.40837321	0	1
13.92476555	94.11145933	0	1
13.97190909	93.81454545	0	1
14.01905263	93.51763158	0	1
14.06619617	93.2207177	0	1
14.11333971	92.92380383	0	1
14.16048325	92.62688995	0	1
14.20762679	92.32997608	0	1
14.25477033	92.0330622	0	1
14.30191388	91.73614833	0	1
14.34905742	91.43923445	0	1
14.39620096	91.14232057	0	1
14.4433445	90.8454067	0	1
14.49048804	90.54849282	0	1
14.53763158	90.25157895	0	1
14.58477512	89.95466507	0	1
14.63191866	89.6577512	0	1
14.6790622	89.36083732	0	1
14.72620574	89.06392344	0	1
14.77334928	88.76700957	0	1
14.82049282	88.47009569	0	1
14.86763636	88.17318182	0	1
14.9147799	87.87626794	0	1
14.96192344	87.57935407	0	1
15.00906699	87.28244019	0	1
15.05621053	86.98552632	0	1
15.10335407	86.68861244	0	1
15.15049761	86.39169856	0	1
15.19764115	86.09478469	0	1
15.24478469	85.79787081	0	1
15.29192823	85.50095694	0	1
15.33907177	85.20404306	0	1
15.38621531	84.90712919	0	1
15.43335885	84.61021531	0	1
15.48050239	84.31330144	0	1
15.52764593	84.01638756	0	1
15.57478947	83.71947368	0	1
15.62193301	83.42255981	0	1
15.66907656	83.12564593	0	1
15.7162201	82.82873206	0	1
15.76336364	82.53181818	0	1
15.81050718	82.23490431	0	1
15.85765072	81.93799043	0	1
15.90479426	81.64107656	0	1
15.9519378	81.34416268	0	1
15.99908134	81.0472488	0	1
16.04622488	80.75033493	0	1
16.09336842	80.45342105	0	1
16.14051196	80.15650718	0	1
16.1876555	79.8595933	0	1
16.23479904	79.56267943	0	1
16.28194258	79.26576555	0	1
16.32908612	78.96885167	0	1
16.37622967	78.6719378	0	1
16.42337321	78.37502392	0	1
16.47051675	78.07811005	0	1
16.51766029	77.78119617	0	1
16.56480383	77.4842823	0	1
16.61194737	77.18736842	0	1
16.65909091	76.89045455	0	1
16.70623445	76.59354067	0	1
16.75337799	76.29662679	0	1
16.80052153	75.99971292	0	1
16.84766507	75.70279904	0	1
16.89480861	75.40588517	0	1
16.94195215	75.10897129	0	1
16.98909569	74.81205742	0	1
17.03623923	74.51514354	0	1
17.08338278	74.21822967	0	1
17.13052632	73.92131579	0	1
17.17766986	73.62440191	0	1
17.2248134	73.32748804	0	1
17.27195694	73.03057416	0	1
17.31910048	72.73366029	0	1
17.36624402	72.43674641	0	1
17.41338756	72.13983254	0	1
17.4605311	71.84291866	0	1
17.50767464	71.54600478	0	1
17.55481818	71.24909091	0	1
17.60196172	70.95217703	0	1
17.64910526	70.65526316	0	1
17.6962488	70.35834928	0	1
17.74339234	70.06143541	0	1
17.79053589	69.76452153	0	1
17.83767943	69.46760766	0	1
17.88482297	69.17069378	0	1
17.93196651	68.8737799	0	1
17.97911005	68.57686603	0	1
18.02625359	68.27995215	0	1
18.07339713	67.98303828	0	1
18.12054067	67.6861244	0	1
18.16768421	67.38921053	0	1
18.21482775	67.09229665	0	1
18.26197129	66.79538278	0	1
18.30911483	66.4984689	0	1
18.35625837	66.20155502	0	1
18.40340191	65.90464115	0	1
18.45054545	65.60772727	0	1
18.497689	65.3108134	0	1
18.54483254	65.01389952	0	1
18.59197608	64.71698565	0	1
18.63911962	64.42007177	0	1
18.68626316	64.12315789	0	1
18.7334067	63.82624402	0	1
18.78055024	63.52933014	0	1
18.82769378	63.23241627	0	1
18.87483732	62.93550239	0	1
18.92198086	62.63858852	0	1
18.9691244	62.34167464	0	1
19.01626794	62.04476077	0	1
19.06341148	61.74784689	0	1
19.11055502	61.45093301	0	1
19.15769856	61.15401914	0	1
19.20484211	60.85710526	2	1
19.25198565	60.56019139	2	1
19.29912919	60.26327751	2	1
19.34627273	59.96636364	2	1
19.39341627	59.66944976	2	1
19.44055981	59.37253589	2	1
19.48770335	59.07562201	2	1
19.53484689	58.77870813	2	1
19.58199043	58.48179426	2	1
19.62913397	58.18488038	2	1
19.67627751	57.88796651	2	1
19.72342105	57.59105263	2	1
19.77056459	57.29413876	2	1
19.81770813	56.99722488	2	1
19.86485167	56.700311	2	1
19.91199522	56.40339713	2	1
19.95913876	56.10648325	2	1
20.0062823	55.80956938	2	1
20.05342584	55.5126555	2	1
20.10056938	55.21574163	2	1
20.14771292	54.91882775	2	1
20.19485646	54.62191388	2	1
20.242	54.325	2	1
20.3071	54.04548359	2	1
20.3788	53.74656334	2	1
20.44317385	53.44882686	2	1
20.49659043	53.1525308	2	1
20.55868218	52.85793057	2	1
20.62939559	52.5652801	2	1
20.70866971	52.27483166	2	1
20.7964362	51.98683561	2	1
20.89261941	51.70154019	2	1
20.99713643	51.41919134	2	1
21.10989716	51.14003242	2	1
21.23080441	50.86430408	2	1
21.35975396	50.59224398	2	1
21.49663466	50.32408664	2	1
21.64132851	50.06006321	2	1
21.79371079	49.80040127	2	1
21.95365016	49.54532465	2	1
22.12100873	49.29505322	2	1
22.29564226	49.04980271	2	1
22.47740021	48.80978452	2	1
22.66612591	48.57520555	2	1
22.86165668	48.346268	2	1
23.06382397	48.12316921	2	1
23.27245352	47.90610149	2	1
23.48736549	47.69525195	2	1
23.70837463	47.49080234	0	1
23.93529044	47.2929289	0	1
24.16791731	47.10180218	0	1
24.40605472	46.91758693	0	1
24.6494974	46.74044196	0	1
24.89803552	46.57051995	0	1
25.15145482	46.40796737	0	1
25.47405031	46.27912627	0	1
25.75984734	46.18491287	0	1
26.04765181	46.09702262	0	1
26.33732383	46.01549822	0	1
26.62872263	45.9403793	0	1
26.92170656	45.87170237	0	1
27.21613325	45.80950081	0	1
27.51185959	45.75380484	0	1
27.80874185	45.70464155	0	1
28.10663575	45.66203481	0	1
28.4053965	45.62600535	0	1
28.7048789	45.59657066	0	1
29.0049374	45.57374506	0	1
29.30542615	45.55753964	0	1
29.60619913	45.54796228	0	1
29.90711014	45.54501763	0	1
30.20801294	45.54870712	0	1
30.50876129	45.55902895	0	1
30.80920901	45.57597812	0	1
31.10921009	45.59954639	0	1
31.40861871	45.62972229	0	1
31.70728936	45.6512	0	1
32.00507688	45.6911	0	1
32.402	45.724	0	1
32.69955319	45.77429787	0	1
32.99710638	45.82459574	0	1
33.29465957	45.87489362	0	1
33.59221277	45.92519149	0	1
33.88976596	45.97548936	0	1
34.18731915	46.02578723	0	1
34.48487234	46.07608511	0	1
34.78242553	46.12638298	0	1
35.07997872	46.17668085	0	1
35.37753191	46.22697872	0	1
35.67508511	46.2772766	0	1
35.9726383	46.32757447	0	1
36.27019149	46.37787234	0	1
36.56774468	46.42817021	0	1
36.86529787	46.47846809	0	1
37.16285106	46.52876596	0	1
37.46040426	46.57906383	0	1
37.75795745	46.6293617	0	1
38.05551064	46.67965957	0	1
38.35306383	46.72995745	0	1
38.65061702	46.78025532	0	1
38.94817021	46.83055319	0	1
39.2457234	46.88085106	0	1
39.5432766	46.93114894	0	1
39.84082979	46.98144681	0	1
40.13838298	47.03174468	0	1
40.43593617	47.08204255	0	1
40.73348936	47.13234043	0	1
41.03104255	47.1826383	0	1
41.32859574	47.23293617	0	1
41.62614894	47.28323404	0	1
41.92370213	47.33353191	0	1
42.22125532	47.38382979	0	1
42.51880851	47.43412766	0	1
42.8163617	47.48442553	0	1
43.11391489	47.5347234	0	1
43.41146809	47.58502128	0	1
43.70902128	47.63531915	0	1
44.00657447	47.68561702	0	1
44.30412766	47.73591489	0	1
44.60168085	47.78621277	0	1
44.89923404	47.83651064	0	1
45.19678723	47.88680851	0	1
45.49434043	47.93710638	0	1
45.79189362	47.98740426	0	1
46.08944681	48.03770213	0	1
46.387	48.088	0	1
46.68455319	48.13829787	0	1
46.98210638	48.18859574	0	1
47.27965957	48.23889362	0	1
47.57721277	48.28919149	0	1
47.87476596	48.33948936	0	1
48.17231915	48.38978723	0	1
48.46987234	48.44008511	0	1
48.76742553	48.49038298	0	1
49.06497872	48.54068085	0	1
49.36253191	48.59097872	0	1
49.66008511	48.6412766	0	1
49.9576383	48.69157447	0	1
50.25519149	48.74187234	0	1
50.55274468	48.79217021	0	1
50.85029787	48.84246809	0	1
51.14785106	48.89276596	0	1
51.44540426	48.94306383	0	1
51.74295745	48.9933617	0	1
52.04051064	49.04365957	0	1
52.33806383	49.09395745	0	1
52.63561702	49.14425532	0	1
52.93317021	49.19455319	0	1
53.2307234	49.24485106	0	1
53.5282766	49.29514894	2	1
53.82582979	49.34544681	2	1
54.12338298	49.39574468	2	1
54.42093617	49.44604255	2	1
54.71848936	49.49634043	2	1
55.01604255	49.5466383	2	1
55.31359574	49.59693617	2	1
55.61114894	49.64723404	2	1
55.90870213	49.69753191	2	1
56.20625532	49.74782979	2	1
56.50380851	49.79812766	2	1
56.8013617	49.84842553	2	1
57.09891489	49.8987234	2	1
57.39646809	49.94902128	2	1
57.69402128	49.99931915	2	1
57.99157447	50.04961702	2	1
58.28912766	50.09991489	2	1
58.58668085	50.15021277	2	1
58.88423404	50.20051064	2	1
59.18178723	50.25080851	2	1
59.47934043	50.30110638	2	1
59.77689362	50.35140426	2	1
60.07444681	50.40170213	2	1
60.372	50.452	2	1
60.65732441	50.509	2	1
60.95681525	50.55913286	2	1
61.25687751	50.58286944	2	1
61.55737598	50.60023173	2	1
61.85817528	50.61121192	2	1
62.15913987	50.61580505	2	1
62.46013415	50.61400906	2	1
62.76102251	50.60582476	2	1
63.06166936	50.59125583	2	1
63.36193925	50.57030883	2	1
63.66169688	50.54299322	2	1
63.9608072	50.50932128	2	1
64.25913544	50.4693082	2	1
64.55654717	50.422972	2	1
64.8529084	50.37033357	2	1
65.1480856	50.31141661	2	1
65.44194575	50.24624767	2	1
65.73435648	50.17485613	2	1
66.02518601	50.09727413	2	1
66.31430331	50.01353665	2	1
66.60157813	49.9236814	2	1
66.88688101	49.82774888	2	1
67.17008341	49.72578231	2	1
67.45105774	49.61782763	2	1
67.72967738	49.50393348	2	1
68.00581681	49.38415119	2	1
68.2793516	49.25853471	2	1
68.55015852	49.12714065	2	1
68.81811553	48.99002821	2	1
69.08310192	48.84725917	2	1
69.34499828	48.69889786	0	1
69.60368661	48.54501112	0	1
69.85905036	48.38566828	0	1
70.11097447	48.22094116	0	1
70.35934543	48.05090395	0	1
70.60405133	47.87563329	0	1
70.84498191	47.69520813	0	1
71.08202862	47.50970978	0	1
71.31508466	47.31922181	0	1
71.54404501	47.12383005	0	1
71.78152952	46.89777932	0	1
72.00501699	46.69645157	0	1
72.22384661	46.49007057	0	1
72.43790414	46.27874407	0	1
72.64707784	46.06258238	0	1
72.85125853	45.84169834	0	1
73.05033962	45.61620724	0	1
73.24421718	45.3862268	0	1
73.43279002	45.15187706	0	1
73.6159597	44.91328036	0	1
73.7936306	44.67056125	0	1
73.96570998	44.42384643	0	1
74.132108	44.17326469	0	1
74.29273782	43.91894682	0	1
74.44751557	43.66102559	0	1
74.59636047	43.39963563	0	1
74.73919482	43.13491339	0	1
74.87594405	42.86699706	0	1
75.00653679	42.59602648	0	1
75.13090486	42.32214312	0	1
75.24898333	42.04548993	0	1
75.36071059	41.76621133	0	1
75.46602829	41.4844531	0	1
75.56488147	41.20036234	0	1
75.65721853	40.91408732	0	1
75.72088406	40.58163768	0	1
75.77376812	40.28427536	0	1
75.82665217	39.98691304	0	1
75.87953623	39.68955072	0	1
75.93242029	39.39218841	0	1
75.98530435	39.09482609	0	1
76.03818841	38.79746377	0	1
76.09107246	38.50010145	0	1
76.14395652	38.20273913	0	1
76.19684058	37.90537681	0	1
76.24972464	37.60801449	0	1
76.3026087	37.31065217	0	1
76.35549275	37.01328986	0	1
76.40837681	36.71592754	0	1
76.46126087	36.41856522	0	1
76.51414493	36.1212029	0	1
76.56702899	35.82384058	0	1
76.61991304	35.52647826	0	1
76.6727971	35.22911594	0	1
76.72568116	34.93175362	0	1
76.77856522	34.6343913	0	1
76.83144928	34.33702899	0	1
76.88433333	34.03966667	0	1
76.93721739	33.74230435	0	1
76.99010145	33.44494203	0	1
77.04298551	33.14757971	0	1
77.09586957	32.85021739	0	1
77.14875362	32.55285507	0	1
77.20163768	32.25549275	0	1
77.25452174	31.95813043	0	1
77.3074058	31.66076812	0	1
77.36028986	31.3634058	0	1
77.41317391	31.06604348	0	1
77.46605797	30.76868116	0	1
77.51894203	30.47131884	0	1
77.57182609	30.17395652	0	1
77.62471014	29.8765942	0	1
77.6775942	29.57923188	0	1
77.73047826	29.28186957	0	1
77.78336232	28.98450725	0	1
77.83624638	28.68714493	0	1
77.88913043	28.38978261	0	1
77.94201449	28.09242029	0	1
77.99489855	27.79505797	0	1
78.04778261	27.49769565	0	1
78.10066667	27.20033333	0	1
78.15355072	26.90297101	0	1
78.20643478	26.6056087	2	1
78.25931884	26.30824638	2	1
78.3122029	26.01088406	2	1
78.36508696	25.71352174	2	1
78.41797101	25.41615942	2	1
78.47085507	25.1187971	2	1
78.52373913	24.82143478	2	1
78.57662319	24.52407246	2	1
78.62950725	24.22671014	2	1
78.6823913	23.92934783	2	1
78.73527536	23.63198551	2	1
78.78815942	23.33462319	2	1
78.84104348	23.03726087	2	1
78.89392754	22.73989855	2	1
78.94681159	22.44253623	2	1
78.99969565	22.14517391	2	1
79.05257971	21.84781159	2	1
79.10546377	21.55044928	2	1
79.15834783	21.25308696	2	1
79.21123188	20.95572464	2	1
79.26411594	20.65836232	2	1
79.317	20.361	2	1
79.38764781	20.07506667	2	1
79.43456974	19.77812164	2	1
79.49079579	19.48279698	2	1
79.55627047	19.18938416	2	1
79.63092916	18.89817272	2	1
79.71469818	18.60945007	2	1
79.80749487	18.32350113	2	1
79.90922764	18.04060811	2	1
80.01979609	17.76105017	2	1
80.13909112	17.48510323	2	1
80.26699498	17.21303959	2	1
80.40338145	16.94512776	2	1
80.54811594	16.68163213	2	1
80.70105561	16.42281274	2	1
80.86204952	16.16892501	2	1
81.03093881	15.9202195	2	1
81.20755678	15.67694165	2	1
81.39172914	15.43933155	2	1
81.58327414	15.20762369	2	1
81.78200275	14.98204674	2	1
81.98771884	14.76282331	2	1
82.20021939	14.55016975	2	1
82.4192947	14.34429593	0	1
82.64472856	14.14540502	0	1
82.87629849	13.9536933	0	1
83.11377597	13.76934996	0	1
83.35692664	13.59255693	0	1
83.60551052	13.42348869	0	1
83.85928231	13.26231208	0	1
84.11799156	13.10918616	0	1
84.38138295	12.96426206	0	1
84.64919655	12.82768279	0	1
84.92116806	12.69958315	0	1
85.22598679	12.51982846	0	1
85.5086917	12.41784458	0	1
85.79302326	12.32048781	0	1
86.07890574	12.22778408	0	1
86.36626301	12.13975807	0	1
86.65501853	12.05643325	0	1
86.94509539	11.97783178	0	1
87.23641634	11.90397462	0	1
87.52890379	11.83488143	0	1
87.82247984	11.77057061	0	1
88.11706629	11.7110593	0	1
88.4125847	11.65636333	0	1
88.70895634	11.60649729	0	1
89.0061023	11.56147444	0	1
89.30394343	11.52130679	0	1
89.60240039	11.48600502	0	1
89.90139371	11.45557854	0	1
90.20084376	11.43003546	0	1
90.50067076	11.40938258	0	1
90.80079488	11.3936254	0	1
91.10113618	11.38276811	0	1
91.40161467	11.37681361	0	1
91.70215031	11.37576348	0	1
92.00266307	11.379618	0	1
92.30307291	11.38837615	0	1
92.60329982	11.40203559	0	1
92.90326383	11.42059269	0	1
93.20288507	11.4440425	0	1
93.50208372	11.47237878	0	1
93.80078009	11.50559397	0	1
94.09889465	11.5332	0	1
94.39634798	11.5601	0	1
94.733	11.583	0	1
95.03086022	11.63201075	0	1
95.32872043	11.68102151	0	1
95.62658065	11.73003226	0	1
95.92444086	11.77904301	0	1
96.22230108	11.82805376	0	1
96.52016129	11.87706452	0	1
96.81802151	11.92607527	0	1
97.11588172	11.97508602	0	1
97.41374194	12.02409677	0	1
97.71160215	12.07310753	0	1
98.00946237	12.12211828	0	1
98.30732258	12.17112903	0	1
98.6051828	12.22013978	0	1
98.90304301	12.26915054	0	1
99.20090323	12.31816129	0	1
99.49876344	12.36717204	0	1
99.79662366	12.4161828	0	1
100.0944839	12.46519355	0	1
100.3923441	12.5142043	0	1
100.6902043	12.56321505	0	1
100.9880645	12.61222581	0	1
101.2859247	12.66123656	0	1
101.5837849	12.71024731	0	1
101.8816452	12.75925806	0	1
102.1795054	12.80826882	0	1
102.4773656	12.85727957	0	1
102.7752258	12.90629032	0	1
103.073086	12.95530108	0	1
103.3709462	13.00431183	0	1
103.6688065	13.05332258	0	1
103.9666667	13.10233333	0	1
104.2645269	13.15134409	0	1
104.5623871	13.20035484	0	1
104.8602473	13.24936559	0	1
105.1581075	13.29837634	0	1
105.4559677	13.3473871	0	1
105.753828	13.39639785	0	1
106.0516882	13.4454086	0	1
106.3495484	13.49441935	0	1
106.6474086	13.54343011	0	1
106.9452688	13.59244086	0	1
107.243129	13.64145161	0	1
107.5409892	13.69046237	0	1
107.8388495	13.73947312	0	1
108.1367097	13.78848387	0	1
108.4345699	13.83749462	0	1
108.7324301	13.88650538	0	1
109.0302903	13.93551613	0	1
109.3281505	13.98452688	0	1
109.6260108	14.03353763	0	1
109.923871	14.08254839	0	1
110.2217312	14.13155914	0	1
110.5195914	14.18056989	0	1
110.8174516	14.22958065	0	1
111.1153118	14.2785914	0	1
111.413172	14.32760215	0	1
111.7110323	14.3766129	0	1
112.0088925	14.42562366	0	1
112.3067527	14.47463441	0	1
112.6046129	14.52364516	0	1
112.9024731	14.57265591	0	1
113.2003333	14.62166667	0	1
113.4981935	14.67067742	0	1
113.7960538	14.71968817	0	1
114.093914	14.76869892	0	1
114.3917742	14.81770968	0	1
114.6896344	14.86672043	0	1
114.9874946	14.91573118	0	1
115.2853548	14.96474194	0	1
115.5832151	15.01375269	2	1
115.8810753	15.06276344	2	1
116.1789355	15.11177419	2	1
116.4767957	15.16078495	2	1
116.7746559	15.2097957	2	1
117.0725161	15.25880645	2	1
117.3703763	15.3078172	2	1
117.6682366	15.35682796	2	1
117.9660968	15.40583871	2	1
118.263957	15.45484946	2	1
118.5618172	15.50386022	2	1
118.8596774	15.55287097	2	1
119.1575376	15.60188172	2	1
119.4553978	15.65089247	2	1
119.7532581	15.69990323	2	1
120.0511183	15.74891398	2	1
120.3489785	15.79792473	2	1
120.6468387	15.84693548	2	1
120.9446989	15.89594624	2	1
121.2425591	15.94495699	2	1
121.5404194	15.99396774	2	1
121.8382796	16.04297849	2	1
122.1361398	16.09198925	2	1
122.434	16.141	2	1
122.7189807	16.1968	2	1
123.0169373	16.2513	2	1
123.313381	16.30658162	2	1
123.6079425	16.36511519	2	1
123.9002547	16.4340078	2	1
124.1899536	16.51317362	2	1
124.476678	16.60251401	2	1
124.760071	16.70191769	2	1
125.0397792	16.81126079	2	1
125.3154544	16.93040709	2	1
125.586753	17.05920815	2	1
125.853337	17.1975035	2	1
126.1148743	17.34512084	2	1
126.371039	17.50187625	2	1
126.621512	17.66757445	2	1
126.8659813	17.84200899	2	1
127.1041422	18.02496254	2	1
127.3356981	18.21620718	2	1
127.5603604	18.41550462	2	1
127.7778493	18.62260658	2	1
127.9878938	18.83725503	2	1
128.1902322	19.05918254	2	1
128.3846123	19.28811262	2	1
128.6080099	19.65374129	2	1
128.7577526	19.91393321	2	1
128.8991218	20.17876794	0	1
129.0319739	20.4479761	0	1
129.1561737	20.72128386	0	1
129.2715947	20.99841321	0	1
129.3781198	21.27908227	0	1
129.4756404	21.56300556	0	1
129.5640574	21.84989429	0	1
129.6432809	22.13945663	0	1
129.7132302	22.43139805	0	1
129.7738343	22.72542161	0	1
129.8250314	23.02122824	0	1
129.8667695	23.31851704	0	1
129.8990062	23.61698563	0	1
129.9217087	23.91633043	0	1
129.9348538	24.21624693	0	1
129.9384282	24.51643009	0	1
129.9324283	24.81657457	0	1
129.9168602	25.11637507	0	1
129.8917396	25.41552664	0	1
129.8570922	25.713725	0	1
129.83355	26.07985	0	1
129.81	26.446	0	1
129.7648108	26.74449324	0	1
129.7196216	27.04298649	0	1
129.6744324	27.34147973	0	1
129.6292432	27.63997297	0	1
129.5840541	27.93846622	0	1
129.5388649	28.23695946	0	1
129.4936757	28.5354527	0	1
129.4484865	28.83394595	0	1
129.4032973	29.13243919	0	1
129.3581081	29.43093243	0	1
129.3129189	29.72942568	0	1
129.2677297	30.02791892	0	1
129.2225405	30.32641216	0	1
129.1773514	30.62490541	0	1
129.1321622	30.92339865	0	1
129.086973	31.22189189	0	1
129.0417838	31.52038514	0	1
128.9965946	31.81887838	0	1
128.9514054	32.11737162	0	1
128.9062162	32.41586486	0	1
128.861027	32.71435811	0	1
128.8158378	33.01285135	0	1
128.7706486	33.31134459	0	1
128.7254595	33.60983784	0	1
128.6802703	33.90833108	0	1
128.6350811	34.20682432	0	1
128.5898919	34.50531757	0	1
128.5447027	34.80381081	0	1
128.4995135	35.10230405	0	1
128.4543243	35.4007973	0	1
128.4091351	35.69929054	0	1
128.3639459	35.99778378	0	1
128.3187568	36.29627703	0	1
128.2735676	36.59477027	0	1
128.2283784	36.89326351	0	1
128.1831892	37.19175676	0	1
128.138	37.49025	0	1
128.0928108	37.78874324	0	1
128.0476216	38.08723649	0	1
128.0024324	38.38572973	0	1
127.9572432	38.68422297	0	1
127.9120541	38.98271622	0	1
127.8668649	39.28120946	0	1
127.8216757	39.5797027	0	1
127.7764865	39.87819595	0	1
127.7312973	40.17668919	0	1
127.6861081	40.47518243	0	1
127.6409189	40.77367568	0	1
127.5957297	41.07216892	0	1
127.5505405	41.37066216	0	1
127.5053514	41.66915541	0	1
127.4601622	41.96764865	0	1
127.414973	42.26614189	0	1
127.3697838	42.56463514	0	1
127.3245946	42.86312838	0	1
127.2794054	43.16162162	0	1
127.2342162	43.46011486	0	1
127.189027	43.75860811	0	1
127.1438378	44.05710135	0	1
127.0986486	44.35559459	0	1
127.0534595	44.65408784	0	1
127.0082703	44.95258108	0	1
126.9630811	45.25107432	0	1
126.9178919	45.54956757	0	1
126.8727027	45.84806081	0	1
126.8275135	46.14655405	0	1
126.7823243	46.4450473	0	1
126.7371351	46.74354054	0	1
126.6919459	47.04203378	0	1
126.6467568	47.34052703	0	1
126.6015676	47.63902027	0	1
126.5563784	47.93751351	0	1
126.5111892	48.23600676	0	1
126.466	48.5345	0	1
126.4208108	48.83299324	0	1
126.3756216	49.13148649	0	1
126.3304324	49.42997973	0	1
126.2852432	49.72847297	0	1
126.2400541	50.02696622	0	1
126.1948649	50.32545946	0	1
126.1496757	50.6239527	0	1
126.1044865	50.92244595	0	1
126.0592973	51.22093919	0	1
126.0141081	51.51943243	0	1
125.9689189	51.81792568	0	1
125.9237297	52.11641892	0	1
125.8785405	52.41491216	0	1
125.8333514	52.71340541	0	1
125.7881622	53.01189865	0	1
125.742973	53.31039189	0	1
125.6977838	53.60888514	0	1
125.6525946	53.90737838	0	1
125.6074054	54.20587162	0	1
125.5622162	54.50436486	0	1
125.517027	54.80285811	0	1
125.4718378	55.10135135	0	1
125.4266486	55.39984459	0	1
125.3814595	55.69833784	0	1
125.3362703	55.99683108	0	1
125.2910811	56.29532432	0	1
125.2458919	56.59381757	0	1
125.2007027	56.89231081	0	1
125.1555135	57.19080405	0	1
125.1103243	57.4892973	0	1
125.0651351	57.78779054	0	1
125.0199459	58.08628378	0	1
124.9747568	58.38477703	0	1
124.9295676	58.68327027	0	1
124.8843784	58.98176351	0	1
124.8391892	59.28025676	0	1
124.794	59.57875	0	1
124.7488108	59.87724324	0	1
124.7036216	60.17573649	0	1
124.6584324	60.47422973	0	1
124.6132432	60.77272297	0	1
124.5680541	61.07121622	0	1
124.5228649	61.36970946	0	1
124.4776757	61.6682027	0	1
124.4324865	61.96669595	0	1
124.3872973	62.26518919	0	1
124.3421081	62.56368243	0	1
124.2969189	62.86217568	0	1
124.2517297	63.16066892	0	1
124.2065405	63.45916216	0	1
124.1613514	63.75765541	0	1
124.1161622	64.05614865	0	1
124.070973	64.35464189	0	1
124.0257838	64.65313514	0	1
123.9805946	64.95162838	0	1
123.9354054	65.25012162	0	1
123.8902162	65.54861486	0	1
123.845027	65.84710811	0	1
123.7998378	66.14560135	0	1
123.7546486	66.44409459	0	1
123.7094595	66.74258784	0	1
123.6642703	67.04108108	0	1
123.6190811	67.33957432	0	1
123.5738919	67.63806757	0	1
123.5287027	67.93656081	0	1
123.4835135	68.23505405	0	1
123.4383243	68.5335473	0	1
123.3931351	68.83204054	0	1
123.3479459	69.13053378	0	1
123.3027568	69.42902703	0	1
123.2575676	69.72752027	0	1
123.2123784	70.02601351	0	1
123.1671892	70.32450676	0	1
