125.2716499	70.88956984	0	1
125.2256545	71.18650966	0	1
125.1796592	71.48344947	0	1
125.1336638	71.78038929	0	1
125.0876684	72.0773291	0	1
125.0416731	72.37426892	0	1
124.9956777	72.67120873	0	1
124.9496823	72.96814855	0	1
124.9036869	73.26508836	0	1
124.8576916	73.56202818	0	1
124.8116962	73.85896799	0	1
124.7657008	74.15590781	0	1
124.7197055	74.45284762	0	1
124.6737101	74.74978744	0	1
124.6277147	75.04672725	0	1
124.5817193	75.34366707	0	1
124.535724	75.64060688	0	1
124.4897286	75.9375467	0	1
124.4437332	76.23448651	0	1
124.3977379	76.53142633	0	1
124.3517425	76.82836614	0	1
124.3057471	77.12530596	0	1
124.2597518	77.42224577	0	1
124.2137564	77.71918558	0	1
124.167761	78.0161254	0	1
124.1217656	78.31306521	0	1
124.0757703	78.61000503	0	1
124.0297749	78.90694484	0	1
123.9837795	79.20388466	0	1
123.9377842	79.50082447	0	1
123.8917888	79.79776429	0	1
123.8457934	80.0947041	0	1
123.7997981	80.39164392	0	1
123.7538027	80.68858373	0	1
123.7078073	80.98552355	0	1
123.6618119	81.28246336	0	1
123.6158166	81.57940318	0	1
123.5698212	81.87634299	0	1
123.5238258	82.17328281	0	1
123.4778305	82.47022262	0	1
123.4318351	82.76716244	0	1
123.3858397	83.06410225	0	1
123.3398443	83.36104207	0	1
123.293849	83.65798188	0	1
123.2478536	83.9549217	0	1
123.2018582	84.25186151	0	1
123.1558629	84.54880133	0	1
123.1098675	84.84574114	0	1
123.0638721	85.14268096	0	1
123.0178768	85.43962077	0	1
122.9718814	85.73656058	0	1
122.925886	86.0335004	0	1
122.8798906	86.33044021	0	1
122.8338953	86.62738003	0	1
122.7878999	86.92431984	0	1
122.7419045	87.22125966	0	1
122.6959092	87.51819947	0	1
122.6499138	87.81513929	0	1
122.6039184	88.1120791	0	1
122.5579231	88.40901892	0	1
122.5119277	88.70595873	0	1
122.4659323	89.00289855	0	1
122.4199369	89.29983836	0	1
122.3739416	89.59677818	0	1
122.3279462	89.89371799	0	1
122.2819508	90.19065781	0	1
122.2359555	90.48759762	0	1
122.1899601	90.78453744	0	1
122.1439647	91.08147725	0	1
122.0979693	91.37841707	0	1
122.051974	91.67535688	0	1
122.0059786	91.9722967	0	1
121.9599832	92.26923651	0	1
121.9139879	92.56617633	0	1
121.8679925	92.86311614	0	1
121.8219971	93.16005596	0	1
121.7760018	93.45699577	0	1
121.7300064	93.75393558	0	1
121.684011	94.0508754	0	1
121.6380156	94.34781521	0	1
121.5920203	94.64475503	0	1
121.5460249	94.94169484	0	1
121.5000295	95.23863466	0	1
121.4540342	95.53557447	0	1
121.4080388	95.83251429	0	1
121.3620434	96.1294541	0	1
121.3160481	96.42639392	0	1
121.2700527	96.72333373	0	1
121.2240573	97.02027355	0	1
121.1780619	97.31721336	0	1
121.1320666	97.61415318	0	1
121.0860712	97.91109299	0	1
121.0400758	98.20803281	0	1
120.9940805	98.50497262	0	1
120.9480851	98.80191244	0	1
120.9020897	99.09885225	0	1
120.8560943	99.39579207	0	1
120.810099	99.69273188	0	1
120.7641036	99.9896717	0	1
120.7181082	100.2866115	0	1
120.6721129	100.5835513	0	1
120.6261175	100.8804911	0	1
120.5801221	101.177431	0	1
120.5341268	101.4743708	0	1
120.4881314	101.7713106	0	1
120.442136	102.0682504	0	1
120.3961406	102.3651902	0	1
120.3501453	102.66213	0	1
120.3041499	102.9590698	0	1
120.2581545	103.2560097	0	1
120.2121592	103.5529495	0	1
120.1661638	103.8498893	0	1
120.1201684	104.1468291	0	1
120.0741731	104.4437689	0	1
120.0281777	104.7407087	0	1
119.9821823	105.0376485	0	1
119.9361869	105.3345884	0	1
119.8901916	105.6315282	0	1
119.8441962	105.928468	0	1
119.7982008	106.2254078	0	1
119.7522055	106.5223476	0	1
119.7062101	106.8192874	0	1
119.6602147	107.1162273	0	1
119.6142193	107.4131671	0	1
119.568224	107.7101069	0	1
119.5222286	108.0070467	0	1
119.4762332	108.3039865	0	1
119.4302379	108.6009263	0	1
119.3842425	108.8978661	0	1
119.3382471	109.194806	0	1
119.2922518	109.4917458	0	1
119.2462564	109.7886856	0	1
119.200261	110.0856254	0	1
119.1542656	110.3825652	0	1
119.1082703	110.679505	0	1
119.0622749	110.9764448	0	1
119.0162795	111.2733847	0	1
118.9702842	111.5703245	0	1
118.9242888	111.8672643	0	1
118.8782934	112.1642041	0	1
118.8322981	112.4611439	0	1
118.7863027	112.7580837	0	1
118.7403073	113.0550235	0	1
118.6943119	113.3519634	0	1
118.6483166	113.6489032	0	1
118.6023212	113.945843	0	1
118.5563258	114.2427828	0	1
118.5103305	114.5397226	0	1
118.4643351	114.8366624	0	1
118.4183397	115.1336023	0	1
118.3723443	115.4305421	0	1
118.326349	115.7274819	0	1
118.2803536	116.0244217	0	1
118.2343582	116.3213615	0	1
118.1883629	116.6183013	0	1
118.1423675	116.9152411	0	1
118.0963721	117.212181	0	1
118.0503768	117.5091208	0	1
118.0043814	117.8060606	0	1
117.958386	118.1030004	0	1
117.9123906	118.3999402	0	1
117.8663953	118.69688	0	1
117.8203999	118.9938198	0	1
117.7744045	119.2907597	0	1
117.7284092	119.5876995	0	1
117.6824138	119.8846393	0	1
117.6364184	120.1815791	0	1
117.5904231	120.4785189	0	1
117.5444277	120.7754587	0	1
117.4984323	121.0723985	0	1
117.4524369	121.3693384	0	1
117.4064416	121.6662782	0	1
117.3604462	121.963218	0	1
117.3144508	122.2601578	0	1
117.2684555	122.5570976	0	1
117.2224601	122.8540374	0	1
117.1764647	123.1509773	0	1
117.1304693	123.4479171	0	1
117.084474	123.7448569	0	1
117.0384786	124.0417967	0	1
116.9924832	124.3387365	0	1
116.9464879	124.6356763	0	1
116.9004925	124.9326161	0	1
116.8544971	125.229556	0	1
116.8085018	125.5264958	0	1
116.7625064	125.8234356	1	1
116.716511	126.1203754	1	1
116.6705156	126.4173152	1	1
116.6245203	126.714255	1	1
116.5785249	127.0111948	1	1
116.5325295	127.3081347	1	1
116.4865342	127.6050745	1	1
116.4405388	127.9020143	1	1
116.3945434	128.1989541	1	1
116.3485481	128.4958939	1	1
116.3025527	128.7928337	1	1
116.2565573	129.0897735	1	1
116.2105619	129.3867134	1	1
116.1645666	129.6836532	1	1
116.1185712	129.980593	1	1
116.0725758	130.2775328	1	1
116.0265805	130.5744726	1	1
115.9805851	130.8714124	1	1
115.9345897	131.1683523	1	1
115.8885943	131.4652921	1	1
115.842599	131.7622319	1	1
115.7966036	132.0591717	1	1
115.7506082	132.3561115	1	1
115.7046129	132.6530513	1	1
115.6586175	132.9499911	1	1
115.6126221	133.246931	1	1
115.5666268	133.5438708	1	1
115.5206314	133.8408106	1	1
115.474636	134.1377504	1	1
115.4286406	134.4346902	1	1
115.3826453	134.73163	1	1
115.3366499	135.0285698	1	1
115.2636499	135.310861	1	1
115.1968555	135.6067496	1	1
115.1344473	135.9007976	1	1
115.0626941	136.1927059	1	1
114.9816686	136.4821777	1	1
114.8914535	136.7689184	1	1
114.7921403	137.0526364	1	1
114.6838302	137.3330431	1	1
114.5666333	137.6098533	1	1
114.4406689	137.8827855	1	1
114.306065	138.151562	1	1
114.1629585	138.4159094	1	1
114.0114951	138.6755588	1	1
113.8518287	138.9302462	1	1
113.6841219	139.1797125	1	1
113.5085451	139.4237039	1	1
113.325277	139.6619723	1	1
113.134504	139.8942752	1	1
112.9364201	140.1203765	1	1
112.7797499	140.2894698	1	1
112.6298499	140.4191621	1	1
112.364257	140.6203541	1	1
112.1288298	140.8096777	1	1
111.8839685	140.9866307	1	1
111.6303226	141.150744	1	1
111.3685647	141.3015823	1	1
111.0993889	141.4387456	1	1
110.8235089	141.5618702	1	1
110.5416565	141.6706296	1	1
110.254579	141.7647354	1	1
109.9630376	141.843938	1	1
109.6678056	141.9080275	1	1
109.3696658	141.9568337	1	1
109.0694088	141.9902274	1	1
108.7678308	142.00812	1	1
108.4657316	142.0104639	1	1
108.1639123	141.9972531	1	1
107.8631733	141.9685225	1	1
107.5643121	141.9243484	0	1
107.26	141.8785	0	1
106.956	141.833	0	1
106.6548125	141.7877708	0	1
106.353625	141.7425417	0	1
106.0524375	141.6973125	0	1
105.75125	141.6520833	0	1
105.4500625	141.6068542	0	1
105.148875	141.561625	0	1
104.8476875	141.5163958	0	1
104.5465	141.4711667	0	1
104.2453125	141.4259375	0	1
103.944125	141.3807083	0	1
103.6429375	141.3354792	0	1
103.34175	141.29025	0	1
103.0405625	141.2450208	0	1
102.739375	141.1997917	0	1
102.4381875	141.1545625	0	1
102.137	141.1093333	0	1
101.8358125	141.0641042	0	1
101.534625	141.018875	0	1
101.2334375	140.9736458	0	1
100.93225	140.9284167	0	1
100.6310625	140.8831875	0	1
100.329875	140.8379583	0	1
100.0286875	140.7927292	0	1
99.7275	140.7475	0	1
99.4263125	140.7022708	0	1
99.125125	140.6570417	0	1
98.8239375	140.6118125	0	1
98.52275	140.5665833	0	1
98.2215625	140.5213542	0	1
97.920375	140.476125	0	1
97.6191875	140.4308958	0	1
97.318	140.3856667	0	1
97.0168125	140.3404375	0	1
96.715625	140.2952083	0	1
96.4144375	140.2499792	0	1
96.11325	140.20475	0	1
95.8120625	140.1595208	0	1
95.510875	140.1142917	0	1
95.2096875	140.0690625	0	1
94.9085	140.0238333	0	1
94.6073125	139.9786042	0	1
94.306125	139.933375	0	1
94.0049375	139.8881458	0	1
93.70375	139.8429167	0	1
93.4025625	139.7976875	0	1
93.101375	139.7524583	0	1
92.8001875	139.7072292	0	1
92.5015	139.6893	0	1
92.20271378	139.6714018	0	1
91.90446364	139.6355203	0	1
91.60592112	139.6021588	0	1
91.30710751	139.5713196	0	1
91.00804411	139.5430051	0	1
90.70875226	139.5172171	0	1
90.4092533	139.4939576	0	1
90.1095686	139.4732283	0	1
89.80971952	139.4550305	0	1
89.50972745	139.4393656	0	1
89.20961379	139.4262347	0	1
88.90939995	139.4156387	0	1
88.60910732	139.4075785	0	1
88.30875733	139.4020545	0	1
88.00837141	139.3990672	0	1
87.70797096	139.3986167	0	1
87.40757743	139.4007032	0	1
87.10721223	139.4053264	0	1
86.80689678	139.4124861	0	1
86.5066525	139.4221817	1	1
86.20650081	139.4344125	1	1
85.90646312	139.4491777	1	1
85.60656081	139.4664761	1	1
85.30681529	139.4863067	1	1
85.00724793	139.5086679	1	1
84.70788009	139.5335581	1	1
84.40873312	139.5609757	1	1
84.10982836	139.5909185	1	1
83.81118714	139.6233846	1	1
83.51283073	139.6583716	1	1
83.21478044	139.6958769	1	1
82.91705751	139.735898	1	1
82.61968317	139.7784319	1	1
82.32267864	139.8234756	1	1
82.02606509	139.8710259	1	1
81.72986369	139.9210795	1	1
81.43409555	139.9736327	1	1
81.13878178	140.0286818	1	1
80.84394342	140.0862228	1	1
80.58102201	140.2015031	1	1
80.29429945	140.2922611	1	1
80.00964728	140.3893177	1	1
79.72720385	140.4926258	1	1
79.44710643	140.602135	1	1
79.16949115	140.7177923	1	1
78.89449293	140.8395413	1	1
78.62224544	140.967323	1	1
78.35288098	141.1010751	1	1
78.08653048	141.2407328	1	1
77.82332338	141.386228	1	1
77.56338762	141.5374902	1	1
77.30684951	141.6944457	1	1
77.05383375	141.8570184	1	1
76.8044633	142.0251291	1	1
76.55885937	142.1986963	1	1
76.3165468246026	142.376874248922	1	1
76.078221208994	142.559592826046	1	1
75.8366722143719	142.738028418567	1	1
75.5919768012775	142.912124174667	1	1
75.3442129327404	143.081824625253	1	1
75.0934595494384	143.24707570163	1	1
74.8397965445465	143.407824752734	1	1
74.5833047382814	143.564020561897	1	1
74.3240658521517	143.715613363177	1	1
74.0621624829199	143.862554857202	1	1
73.7976780762863	144.00479822657	1	1
73.6163178681286	144.095422277923	1	1
73.3415683307568	144.215890889273	1	1
73.0669046022206	144.336554920326	1	1
72.7923098337085	144.457373785548	1	1
72.5167545722423	144.575986891083	1	1
72.2404361736304	144.692811912074	1	1
71.9645624427129	144.810683382583	1	1
71.6885916471826	144.928327422017	1	1
71.4125254899237	145.045747507419	1	1
71.1363679982494	145.162952619767	1	1
70.8601216513584	145.279948147991	1	1
70.5837888872937	145.396739418077	1	1
70.3073717203663	145.513330784516	1	1
70.0308729954174	145.629728601798	1	1
69.7542945319054	145.74593682093	1	1
69.4776392155869	145.861961959335	1	1
69.1993126228297	145.973910074723	1	1
68.9115814987647	146.046687851427	1	1
68.6328100389383	146.157514478176	1	1
68.3532327033072	146.26631007139	1	1
68.0735224865847	146.374763600031	1	1
67.7936903476796	146.482902183902	1	1
67.5137468613116	146.59075221501	1	1
67.2337023205507	146.698339599086	1	1
66.9535669180022	146.805690197327	1	1
66.6733465334781	146.912818778723	1	1
66.3931143045499	147.019915723061	1	1
66.1127446548649	147.126618086624	1	1
65.8299846101019	147.226834888461	1	1
65.5473621217816	147.327434933122	1	1
65.2652212743725	147.429398358508	1	1
64.983044157846	147.53126137604	1	1
64.7008476224018	147.633070585867	1	1
64.418641964885	147.73485450805	1	1
64.1364331497208	147.836629675168	1	1
63.8536047806924	147.936666615541	1	1
63.5695614734972	148.03320354451	1	1
63.2839116663521	148.124822994735	1	1
62.9960385709895	148.209226571836	1	1
62.7063485327396	148.287159349955	1	1
62.4150637747106	148.358893827324	1	1
62.1223136707907	148.424397218597	1	1
61.8282176735817	148.483583448544	1	1
61.5327667432797	148.535585584607	1	1
61.2362773025356	148.581270977245	1	1
60.9388814608035	148.62062067711	1	1
60.6407113622916	148.653616071871	1	1
60.3418654919693	148.67980559676	1	1
60.042495030536	148.699084100474	1	1
59.7427840566245	148.711970853909	1	1
59.4428658897313	148.718460538796	1	1
59.1428739374035	148.718550016129	1	1
58.8429667308251	148.711418671885	1	1
58.543289533766	148.697741796961	1	1
58.243973737845	148.677674808122	1	1
57.9451525494172	148.651225986975	1	1
57.6469870159769	148.618175958183	1	1
57.3496922356548	148.578042061691	1	1
57.0533245832646	148.531575572214	1	1
56.7580158505298	148.478797184566	1	1
56.4638977629174	148.419728497226	1	1
56.1712422079101	148.353793164446	1	1
55.8800647770957	148.281600330595	1	1
55.5901331875944	148.204554399493	1	1
55.3016096090128	148.12241114411	1	1
55.0148300183278	148.034360462863	1	1
54.7301307293919	147.939799068195	1	1
54.4474936100727	147.839248385523	1	1
54.1669735773104	147.73293905918	1	1
53.8886852168804	147.620915203596	1	1
53.6127423832531	147.503222712977	1	1
53.3396193315945	147.379126924735	1	1
53.069110900269	147.249438547667	1	1
52.8013120188937	147.114246451107	1	1
52.5363329799238	146.973604563838	1	1
52.2743418435148	146.827466387431	1	1
52.0157875655094	146.675330328564	1	1
51.7604016043019	146.517940236688	1	1
51.508288405335	146.35536064506	1	1
51.2593260842825	146.187988993034	1	1
51.0111153416249	146.019491434522	1	1
50.7629124346423	145.850982334217	1	1
50.5147280070951	145.682446019095	1	1
50.2665785713233	145.513858189036	1	1
50.0184858954376	145.34518684522	1	1
49.7704814227335	145.176385844199	1	1
49.5226078606606	145.007392681707	1	1
49.2775557101541	144.834448910788	1	1
49.0361533876547	144.656391532509	1	1
48.779916763653	144.502665886852	1	1
48.540715921059	144.322635848815	1	1
48.3044445916478	144.137768714558	1	1
48.0682968732276	143.952743709559	1	1
47.8322795792594	143.767552369442	1	1
47.5964006276058	143.582184860144	1	1
47.3606697366607	143.396629105365	1	1
47.1250957784942	143.210874161668	1	1
46.8896872855389	143.024909574576	1	1
46.6544546229647	142.838722630714	1	1
46.4194070771037	142.652302051675	1	1
46.1845536017521	142.465637048296	1	1
45.9499040016447	142.278715833263	1	1
45.7154681241431	142.091526645316	1	1
45.4812554025729	141.904058325675	1	1
45.247275718378	141.716299239822	1	1
45.013538947133	141.528237851547	1	1
44.7800547458442	141.339862987767	1	1
44.5468326274655	141.15116375052	1	1
44.313882717221	140.9621285785	1	1
44.0812137531438	140.772747723075	1	1
43.8488358011061	140.583009899585	1	1
43.6167587851002	140.3929041037	1	1
43.3866513663518	140.200225232651	1	1
43.1482931792154	140.016918286334	1	1
42.9129902364723	139.829705607598	1	1
42.6808065303601	139.638638110208	1	1
42.4518052048201	139.44376775627	1	1
42.2260485383224	139.245147542105	1	1
42.0035979269308	139.042831483834	1	1
41.7845138676042	138.836874602687	1	1
41.5688559417455	138.62733291004	1	1
41.3566827989967	138.414263392184	1	1
41.1480521412896	138.197723994827	1	1
40.9430207071525	137.977773607334	1	1
40.741644256281	137.754472046709	1	1
40.5439775543727	137.527880041334	1	1
40.3500743582341	137.298059214449	1	1
40.1599874011603	137.065072067392	1	1
39.973768378594	136.828981962607	1	1
39.7914679340674	136.589853106405	1	1
39.6131356454281	136.347750531509	1	1
39.438820011357	136.102740079361	1	1
39.2685684381785	135.854888382225	1	1
39.1769365939077	135.718031737052	1	1
38.9771589829661	135.493682974548	1	1
38.7746326695572	135.271812297541	1	1
38.5693883175774	135.052453632982	1	1
38.361457134919	134.835640134409	1	1
38.1508706476847	134.621404740086	1	1
37.9376608560533	134.409779907286	1	1
37.7218601080867	134.200797782516	1	1
37.5035011188291	133.994490207446	1	1
37.2826170794494	133.790888333959	1	1
37.0592414993265	133.590023098669	1	1
36.8334082548216	133.39192513335	1	1
36.6051516803456	133.196624269663	1	1
36.3745063787231	133.00415031795	1	1
36.141507351482	132.814532479431	1	1
35.8256247684471	132.633942652357	1	1
35.5594521788871	132.494655743346	1	1
35.2916160678229	132.358595019933	1	1
35.0221555319685	132.22578037947	1	1
34.7511098726767	132.096231364027	1	1
34.4785186955323	131.96996677248	1	1
34.2044218213328	131.847004946991	1	1
33.9288592066185	131.727364062472	1	1
33.6518711227357	131.611061449204	1	1
33.373498007471	131.498114070322	1	1
33.0937805042738	131.388538429283	1	1
32.8127594431577	131.282350563934	1	1
32.5304758608233	131.179565948045	1	1
32.2469709317629	131.080199679337	1	1
31.88191574	130.9512826	1	1
31.59660751	130.8570624	1	1
31.30963074	130.7680536	1	1
31.02108062	130.6842857	1	1
30.691	130.599	2	1
30.39068889	130.5433778	2	1
30.09037778	130.4877556	2	1
29.79006667	130.4321333	2	1
29.48975556	130.3765111	2	1
29.18944444	130.3208889	2	1
28.88913333	130.2652667	2	1
28.58882222	130.2096444	2	1
28.28851111	130.1540222	2	1
27.9882	130.0984	2	1
27.68788889	130.0427778	2	1
27.38757778	129.9871556	2	1
27.08726667	129.9315333	2	1
26.78695556	129.8759111	2	1
26.48664444	129.8202889	2	1
26.18633333	129.7646667	2	1
25.88602222	129.7090444	2	1
25.58571111	129.6534222	2	1
25.2854	129.5978	2	1
24.98508889	129.5421778	2	1
24.68477778	129.4865556	2	1
24.38446667	129.4309333	2	1
24.08415556	129.3753111	2	1
23.78384444	129.3196889	2	1
23.48353333	129.2640667	2	1
23.18322222	129.2084444	2	1
22.88291111	129.1528222	2	1
22.5826	129.0972	2	1
22.28228889	129.0415778	2	1
21.98197778	128.9859556	2	1
21.68166667	128.9303333	2	1
21.38135556	128.8747111	2	1
21.08104444	128.8190889	2	1
20.78073333	128.7634667	2	1
20.48042222	128.7078444	2	1
20.18011111	128.6522222	2	1
19.8798	128.5966	2	1
19.57948889	128.5409778	2	1
19.27917778	128.4853556	2	1
18.97886667	128.4297333	2	1
18.67855556	128.3741111	2	1
18.37824444	128.3184889	2	1
18.07793333	128.2628667	2	1
17.77762222	128.2072444	2	1
17.47731111	128.1516222	2	1
17.177	128.096	2	1
16.89387406	128.0186911	2	1
16.5978565	127.9667965	2	1
16.30285788	127.9093921	2	1
16.00898074	127.846498	2	1
15.71632724	127.7781359	2	1
15.4249991	127.7043297	2	1
15.1350976	127.6251049	2	1
14.8467235	127.5404891	2	1
14.55997704	127.4505118	2	1
14.2749579	127.3552042	2	1
13.99176516	127.2545995	2	1
13.71049725	127.1487325	2	1
13.43125194	127.0376402	2	1
13.1541263	126.9213611	2	1
12.87921667	126.7999357	2	1
12.6066186	126.6734061	2	1
12.33642684	126.5418163	2	1
12.06873533	126.4052122	2	1
11.8036371	126.2636411	2	1
11.54122431	126.1171522	2	1
11.28158818	125.9657966	2	1
11.02481896	125.8096268	2	1
10.6715	125.5540409	2	1
10.43933731	125.3897373	2	1
10.19455231	125.2145896	2	1
9.95764012	125.0289313	2	1
9.729051724	124.8331157	2	1
9.509222249	124.6275156	2	1
9.298570154	124.4125223	2	1
9.097496427	124.1885452	2	1
8.906383824	123.9560105	2	1
8.725596137	123.715361	2	1
8.555477507	123.4670546	2	1
8.396351764	123.2115641	2	1
8.248521813	122.9493758	2	1
8.112269057	122.6809887	2	1
7.987852861	122.4069139	2	1
7.875510057	122.127673	2	1
7.775454497	121.8437975	2	1
7.687876642	121.5558278	2	1
7.612943202	121.2643122	2	1
7.550796817	120.9698054	2	1
7.501555786	120.6728682	0	1
7.465313841	120.3740657	0	1
7.442139972	120.0739668	0	1
7.432078292	119.7731426	0	1
7.435147953	119.4721659	0	1
7.451343112	119.1716096	0	1
7.480632941	118.8720457	0	1
7.518	118.483	0	1
7.566965217	118.1870043	0	1
7.615930435	117.8910087	0	1
7.664895652	117.595013	0	1
7.71386087	117.2990174	0	1
7.762826087	117.0030217	0	1
7.811791304	116.7070261	0	1
7.860756522	116.4110304	0	1
7.909721739	116.1150348	0	1
7.958686957	115.8190391	0	1
8.007652174	115.5230435	0	1
8.056617391	115.2270478	0	1
8.105582609	114.9310522	0	1
8.154547826	114.6350565	0	1
8.203513043	114.3390609	0	1
8.252478261	114.0430652	0	1
8.301443478	113.7470696	0	1
8.350408696	113.4510739	0	1
8.399373913	113.1550783	0	1
8.44833913	112.8590826	0	1
8.497304348	112.563087	0	1
8.546269565	112.2670913	0	1
8.595234783	111.9710957	0	1
8.6442	111.6751	0	1
8.693165217	111.3791043	0	1
8.742130435	111.0831087	0	1
8.791095652	110.787113	0	1
8.84006087	110.4911174	0	1
8.889026087	110.1951217	0	1
8.937991304	109.8991261	0	1
8.986956522	109.6031304	0	1
9.035921739	109.3071348	0	1
9.084886957	109.0111391	0	1
9.133852174	108.7151435	0	1
9.182817391	108.4191478	0	1
9.231782609	108.1231522	0	1
9.280747826	107.8271565	0	1
9.329713043	107.5311609	0	1
9.378678261	107.2351652	0	1
9.427643478	106.9391696	0	1
9.476608696	106.6431739	0	1
9.525573913	106.3471783	0	1
9.57453913	106.0511826	0	1
9.623504348	105.755187	0	1
9.672469565	105.4591913	0	1
9.721434783	105.1631957	0	1
9.7704	104.8672	0	1
9.819365217	104.5712043	0	1
9.868330435	104.2752087	0	1
9.917295652	103.979213	0	1
9.96626087	103.6832174	0	1
10.01522609	103.3872217	0	1
10.0641913	103.0912261	0	1
10.11315652	102.7952304	0	1
10.16212174	102.4992348	0	1
10.21108696	102.2032391	0	1
10.26005217	101.9072435	0	1
10.30901739	101.6112478	0	1
10.35798261	101.3152522	0	1
10.40694783	101.0192565	0	1
10.45591304	100.7232609	0	1
10.50487826	100.4272652	0	1
10.55384348	100.1312696	0	1
10.6028087	99.83527391	0	1
10.65177391	99.53927826	0	1
10.70073913	99.24328261	0	1
10.74970435	98.94728696	0	1
10.79866957	98.6512913	0	1
10.84763478	98.35529565	0	1
10.8966	98.0593	0	1
10.94556522	97.76330435	0	1
10.99453043	97.4673087	0	1
11.04349565	97.17131304	0	1
11.09246087	96.87531739	0	1
11.14142609	96.57932174	0	1
11.1903913	96.28332609	0	1
11.23935652	95.98733043	0	1
11.28832174	95.69133478	0	1
11.33728696	95.39533913	0	1
11.38625217	95.09934348	0	1
11.43521739	94.80334783	0	1
11.48418261	94.50735217	0	1
11.53314783	94.21135652	0	1
11.58211304	93.91536087	0	1
11.63107826	93.61936522	0	1
11.68004348	93.32336957	0	1
11.7290087	93.02737391	0	1
11.77797391	92.73137826	0	1
11.82693913	92.43538261	0	1
11.87590435	92.13938696	0	1
11.92486957	91.8433913	0	1
11.97383478	91.54739565	0	1
12.0228	91.2514	0	1
12.07176522	90.95540435	0	1
12.12073043	90.6594087	0	1
12.16969565	90.36341304	0	1
12.21866087	90.06741739	0	1
12.26762609	89.77142174	0	1
12.3165913	89.47542609	0	1
12.36555652	89.17943043	0	1
12.41452174	88.88343478	0	1
12.46348696	88.58743913	0	1
12.51245217	88.29144348	0	1
12.56141739	87.99544783	0	1
12.61038261	87.69945217	0	1
12.65934783	87.40345652	0	1
12.70831304	87.10746087	0	1
12.75727826	86.81146522	0	1
12.80624348	86.51546957	0	1
12.8552087	86.21947391	0	1
12.90417391	85.92347826	0	1
12.95313913	85.62748261	0	1
13.00210435	85.33148696	0	1
13.05106957	85.0354913	0	1
13.10003478	84.73949565	0	1
13.149	84.4435	0	1
13.19796522	84.14750435	0	1
13.24693043	83.8515087	0	1
13.29589565	83.55551304	0	1
13.34486087	83.25951739	0	1
13.39382609	82.96352174	0	1
13.4427913	82.66752609	0	1
13.49175652	82.37153043	0	1
13.54072174	82.07553478	0	1
13.58968696	81.77953913	0	1
13.63865217	81.48354348	0	1
13.68761739	81.18754783	0	1
13.73658261	80.89155217	0	1
13.78554783	80.59555652	0	1
13.83451304	80.29956087	0	1
13.88347826	80.00356522	0	1
13.93244348	79.70756957	0	1
13.9814087	79.41157391	0	1
14.03037391	79.11557826	0	1
14.07933913	78.81958261	0	1
14.12830435	78.52358696	0	1
14.17726957	78.2275913	0	1
14.22623478	77.93159565	0	1
14.2752	77.6356	0	1
14.32416522	77.33960435	0	1
14.37313043	77.0436087	0	1
14.42209565	76.74761304	0	1
14.47106087	76.45161739	0	1
14.52002609	76.15562174	0	1
14.5689913	75.85962609	0	1
14.61795652	75.56363043	0	1
14.66692174	75.26763478	0	1
14.71588696	74.97163913	0	1
14.76485217	74.67564348	0	1
14.81381739	74.37964783	0	1
14.86278261	74.08365217	0	1
14.91174783	73.78765652	0	1
14.96071304	73.49166087	0	1
15.00967826	73.19566522	0	1
15.05864348	72.89966957	0	1
15.1076087	72.60367391	0	1
15.15657391	72.30767826	0	1
15.20553913	72.01168261	0	1
15.25450435	71.71568696	0	1
15.30346957	71.4196913	0	1
15.35243478	71.12369565	0	1
15.4014	70.8277	0	1
15.45036522	70.53170435	0	1
15.49933043	70.2357087	0	1
15.54829565	69.93971304	0	1
15.59726087	69.64371739	0	1
15.64622609	69.34772174	0	1
15.6951913	69.05172609	0	1
15.74415652	68.75573043	0	1
15.79312174	68.45973478	0	1
15.84208696	68.16373913	0	1
15.89105217	67.86774348	0	1
15.94001739	67.57174783	0	1
15.98898261	67.27575217	0	1
16.03794783	66.97975652	0	1
16.08691304	66.68376087	0	1
16.13587826	66.38776522	0	1
16.18484348	66.09176957	0	1
16.2338087	65.79577391	0	1
16.28277391	65.49977826	0	1
16.33173913	65.20378261	0	1
16.38070435	64.90778696	0	1
16.42966957	64.6117913	0	1
16.47863478	64.31579565	0	1
16.5276	64.0198	0	1
16.57656522	63.72380435	0	1
16.62553043	63.4278087	0	1
16.67449565	63.13181304	0	1
16.72346087	62.83581739	0	1
16.77242609	62.53982174	0	1
16.8213913	62.24382609	0	1
16.87035652	61.94783043	0	1
16.91932174	61.65183478	0	1
16.96828696	61.35583913	0	1
17.01725217	61.05984348	0	1
17.06621739	60.76384783	0	1
17.11518261	60.46785217	0	1
17.16414783	60.17185652	0	1
17.21311304	59.87586087	0	1
17.26207826	59.57986522	0	1
17.31104348	59.28386957	0	1
17.3600087	58.98787391	0	1
17.40897391	58.69187826	0	1
17.45793913	58.39588261	0	1
17.50690435	58.09988696	0	1
17.55586957	57.8038913	0	1
17.60483478	57.50789565	0	1
17.6538	57.2119	0	1
17.70276522	56.91590435	0	1
17.75173043	56.6199087	2	1
17.80069565	56.32391304	2	1
17.84966087	56.02791739	2	1
17.89862609	55.73192174	2	1
17.9475913	55.43592609	2	1
17.99655652	55.13993043	2	1
18.04552174	54.84393478	2	1
18.09448696	54.54793913	2	1
18.14345217	54.25194348	2	1
18.19241739	53.95594783	2	1
18.24138261	53.65995217	2	1
18.29034783	53.36395652	2	1
18.33931304	53.06796087	2	1
18.38827826	52.77196522	2	1
18.43724348	52.47596957	2	1
18.4862087	52.17997391	2	1
18.53517391	51.88397826	2	1
18.58413913	51.58798261	2	1
18.63310435	51.29198696	2	1
18.68206957	50.9959913	2	1
18.73103293	50.69999537	2	1
18.78044259	50.40312484	2	1
18.83924646	50.10797143	2	1
18.90738533	49.81483234	2	1
18.9847906	49.52400275	2	1
19.07138431	49.23577548	2	1
19.16707929	48.95044076	2	1
19.27177917	48.6682859	2	1
19.38537852	48.38959501	2	1
19.50776297	48.11464869	2	1
19.63880929	47.84372381	2	1
19.77838551	47.57709315	2	1
19.9263511	47.3150252	2	1
20.08255708	47.05778382	2	1
20.24684614	46.80562806	2	1
20.41905288	46.55881179	2	1
20.59900389	46.31758355	2	1
20.78651797	46.08218623	2	1
20.98140632	45.85285686	2	1
21.1834727	45.62982635	2	1
21.39251364	45.41331927	2	1
21.60831866	45.20355364	2	1
21.83067047	45.00074065	2	1
22.05934516	44.80508455	2	1
22.29411249	44.61678232	2	1
22.53473607	44.43602357	2	1
22.7809736	44.26299032	2	1
23.03257715	44.09785679	2	1
23.28929338	43.94078926	2	1
23.55086379	43.79194588	2	1
23.817025	43.65147653	2	1
24.08750901	43.51952264	2	1
24.36204347	43.39621709	2	1
24.64035194	43.28168402	2	1
24.9221542	43.17603877	2	1
25.20716648	43.07938771	2	1
25.49510181	42.99182816	2	1
25.78567026	42.91344829	2	1
26.07857926	42.84432701	2	1
26.37353386	42.78453394	2	1
26.67023708	42.73412926	2	1
26.96839015	42.69316374	0	1
27.26769287	42.66167863	0	1
27.56784386	42.63970562	0	1
27.86854089	42.62726685	0	1
28.16948119	42.62437483	0	1
28.47036174	42.63103249	0	1
28.77087958	42.64723311	0	1
29.0707321	42.67296039	0	1
29.36961739	42.70818841	0	1
29.66723449	42.75288171	0	1
29.8195	42.7795	0	1
30.1160803	42.82941816	0	1
30.41266059	42.87933632	0	1
30.70924089	42.92925448	0	1
31.00582118	42.97917265	0	1
31.30240148	43.02909081	0	1
31.59898177	43.07900897	0	1
31.89556207	43.12892713	0	1
32.19214236	43.17884529	0	1
32.48872266	43.22876345	0	1
32.78530295	43.27868162	0	1
33.08188325	43.32859978	0	1
33.37846354	43.37851794	0	1
33.67504384	43.4284361	0	1
33.97162413	43.47835426	0	1
34.26820443	43.52827242	0	1
34.56478472	43.57819059	0	1
34.86136502	43.62810875	0	1
35.15794532	43.67802691	0	1
35.45452561	43.72794507	0	1
35.75110591	43.77786323	0	1
36.0476862	43.82778139	0	1
36.3442665	43.87769956	0	1
36.64084679	43.92761772	0	1
36.93742709	43.97753588	0	1
37.23400738	44.02745404	0	1
37.53058768	44.0773722	0	1
37.82716797	44.12729036	0	1
38.12374827	44.17720852	0	1
38.42032856	44.22712669	0	1
38.71690886	44.27704485	0	1
39.01348915	44.32696301	0	1
39.31006945	44.37688117	0	1
39.60664974	44.42679933	0	1
39.90323004	44.47671749	0	1
40.19981034	44.52663566	0	1
40.49639063	44.57655382	0	1
40.79297093	44.62647198	0	1
41.08955122	44.67639014	0	1
41.38613152	44.7263083	0	1
41.68271181	44.77622646	0	1
41.97929211	44.82614463	0	1
42.2758724	44.87606279	0	1
42.5724527	44.92598095	0	1
42.86903299	44.97589911	0	1
43.16561329	45.02581727	0	1
43.46219358	45.07573543	0	1
43.75877388	45.1256536	0	1
44.05535417	45.17557176	0	1
44.35193447	45.22548992	0	1
44.64851477	45.27540808	0	1
44.94509506	45.32532624	0	1
45.24167536	45.3752444	0	1
45.53825565	45.42516256	0	1
45.83483595	45.47508073	0	1
46.13141624	45.52499889	0	1
46.42799654	45.57491705	0	1
46.72457683	45.62483521	0	1
47.02115713	45.67475337	0	1
47.31773742	45.72467153	0	1
47.61431772	45.7745897	0	1
47.91089801	45.82450786	0	1
48.20747831	45.87442602	0	1
48.5040586	45.92434418	0	1
48.8006389	45.97426234	0	1
49.09721919	46.0241805	0	1
49.39379949	46.07409867	0	1
49.69037979	46.12401683	0	1
49.98696008	46.17393499	0	1
50.28354038	46.22385315	0	1
50.58012067	46.27377131	0	1
50.87670097	46.32368947	0	1
51.17328126	46.37360764	0	1
51.46986156	46.4235258	0	1
51.76644185	46.47344396	0	1
52.06302215	46.52336212	0	1
52.35960244	46.57328028	0	1
52.65618274	46.62319844	0	1
52.95276303	46.6731166	0	1
53.24934333	46.72303477	0	1
53.54592362	46.77295293	0	1
53.84250392	46.82287109	0	1
54.13908421	46.87278925	0	1
54.43566451	46.92270741	0	1
54.73224481	46.97262557	2	1
55.0288251	47.02254374	2	1
55.3254054	47.0724619	2	1
55.62198569	47.12238006	2	1
55.91856599	47.17229822	2	1
56.21514628	47.22221638	2	1
56.51172658	47.27213454	2	1
56.80830687	47.32205271	2	1
57.10488717	47.37197087	2	1
57.40146746	47.42188903	2	1
57.69804559	47.47181784	2	1
57.99267595	47.52980741	2	1
58.28807736	47.58373192	2	1
58.58419372	47.63358113	2	1
58.88096882	47.67934557	2	1
59.17834632	47.72101655	2	1
59.47626974	47.75858618	2	1
59.77468254	47.7920473	2	1
60.07352805	47.82139357	2	1
60.37274954	47.84661942	2	1
60.6722902	47.86772006	2	1
60.97209316	47.88469148	2	1
61.2721015	47.89753046	2	1
61.5733591	47.90625301	2	1
61.87353586	47.90640493	2	1
62.17367686	47.90177006	2	1
62.47370579	47.89234958	2	1
62.77354635	47.87814588	2	1
63.07983246	47.86577578	2	1
63.3791505	47.84012264	2	1
63.67773923	47.80704468	2	1
63.97541448	47.76656232	2	1
64.27199267	47.71870052	2	1
64.5672909	47.6634888	2	1
64.86112704	47.60096121	2	1
65.15331987	47.53115631	2	1
65.4436892	47.45411715	2	1
65.73205594	47.36989125	2	1
66.01824224	47.27853055	2	1
66.3020716	47.18009139	2	1
66.58336899	47.07463449	2	1
66.86196091	46.96222489	2	1
67.13767554	46.8429319	2	1
67.41034286	46.71682911	2	1
67.67979468	46.58399428	2	1
67.94586484	46.44450934	2	1
68.20838923	46.29846031	2	1
68.46720596	46.14593726	2	1
68.7221554	45.98703427	2	1
69.05156775	45.81758849	2	1
69.29819395	45.64573907	0	1
69.54033234	45.46762195	0	1
69.77782368	45.28335429	0	1
70.01051178	45.09305727	0	1
70.23824361	44.89685604	0	1
70.46086939	44.69487963	0	1
70.67824272	44.48726089	0	1
70.89022063	44.27413634	0	1
71.09666372	44.05564617	0	1
71.29743622	43.83193405	0	1
71.49240608	43.60314711	0	1
71.68144508	43.36943583	0	1
71.86442889	43.1309539	0	1
72.04123718	42.88785817	0	1
72.21175367	42.6403085	0	1
72.3758662	42.38846771	0	1
72.53346686	42.13250143	0	1
72.68445199	41.87257798	0	1
72.82872229	41.60886832	0	1
72.96618289	41.34154587	0	1
73.09674338	41.07078644	0	1
73.2203179	40.79676811	0	1
73.33682517	40.51967108	0	1
73.44618857	40.2396776	0	1
73.54833618	39.95697179	0	1
73.64320083	39.67173959	0	1
73.73072011	39.38416859	0	1
73.81083648	39.0944479	0	1
73.88349724	38.80276808	0	1
73.9486546	38.50932094	0	1
74.00626572	38.21429947	0	1
74.05629271	37.9178977	0	1
74.17	37.58	0	1
74.21857746	37.28204225	0	1
74.26715493	36.98408451	0	1
74.31573239	36.68612676	0	1
74.36430986	36.38816901	0	1
74.41288732	36.09021127	0	1
74.46146479	35.79225352	0	1
74.51004225	35.49429577	0	1
74.55861972	35.19633803	0	1
74.60719718	34.89838028	0	1
74.65577465	34.60042254	0	1
74.70435211	34.30246479	0	1
74.75292958	34.00450704	0	1
74.80150704	33.7065493	0	1
74.85008451	33.40859155	0	1
74.89866197	33.1106338	0	1
74.94723944	32.81267606	0	1
74.9958169	32.51471831	0	1
75.04439437	32.21676056	0	1
75.09297183	31.91880282	0	1
75.1415493	31.62084507	0	1
75.19012676	31.32288732	0	1
75.23870423	31.02492958	0	1
75.28728169	30.72697183	0	1
75.33585915	30.42901408	0	1
75.38443662	30.13105634	0	1
75.43301408	29.83309859	0	1
75.48159155	29.53514085	0	1
75.53016901	29.2371831	0	1
75.57874648	28.93922535	0	1
75.62732394	28.64126761	0	1
75.67590141	28.34330986	0	1
75.72447887	28.04535211	0	1
75.77305634	27.74739437	0	1
75.8216338	27.44943662	0	1
75.87021127	27.15147887	0	1
75.91878873	26.85352113	0	1
75.9673662	26.55556338	0	1
76.01594366	26.25760563	0	1
76.06452113	25.95964789	0	1
76.11309859	25.66169014	0	1
76.16167606	25.36373239	0	1
76.21025352	25.06577465	0	1
76.25883099	24.7678169	0	1
76.30740845	24.46985915	0	1
76.35598592	24.17190141	0	1
76.40456338	23.87394366	0	1
76.45314085	23.57598592	0	1
76.50171831	23.27802817	0	1
76.55029577	22.98007042	2	1
76.59887324	22.68211268	2	1
76.6474507	22.38415493	2	1
76.69602817	22.08619718	2	1
76.74460563	21.78823944	2	1
76.7931831	21.49028169	2	1
76.84176056	21.19232394	2	1
76.89033803	20.8943662	2	1
76.93891549	20.59640845	2	1
76.98749296	20.2984507	2	1
77.03607042	20.00049296	2	1
77.08464789	19.70253521	2	1
77.13322535	19.40457746	2	1
77.18180282	19.10661972	2	1
77.23038028	18.80866197	2	1
77.27895775	18.51070423	2	1
77.32753521	18.21274648	2	1
77.37611268	17.91478873	2	1
77.42469014	17.61683099	2	1
77.47326761	17.31887324	2	1
77.52184507	17.02091549	2	1
77.57042254	16.72295775	2	1
77.619	16.425	2	1
77.66653643	16.13306787	2	1
77.75390637	15.84487686	2	1
77.85144938	15.55996823	2	1
77.95904257	15.27870098	2	1
78.07655036	15.00142948	2	1
78.2038247	14.7285031	2	1
78.34070523	14.46026574	2	1
78.48701947	14.19705535	2	1
78.64258308	13.93920359	2	1
78.80720003	13.68703535	2	1
78.98066293	13.44086836	2	1
79.16275319	13.20101278	2	1
79.3532414	12.96777083	2	1
79.55188754	12.7414364	2	1
79.75844132	12.52229466	2	1
79.97264247	12.31062173	2	1
80.19422112	12.10668431	2	1
80.42289806	11.91073938	2	1
80.65838518	11.7230338	2	1
80.90038576	11.5438041	2	1
81.14859487	11.3732761	2	1
81.40269979	11.21166467	2	1
81.66238033	11.05917342	2	1
81.92730931	10.91599451	2	1
82.19715291	10.78230833	0	1
82.47157114	10.65828333	0	1
82.75021823	10.54407578	0	1
83.03274308	10.43982958	0	1
83.31878972	10.3123	0	1
83.60799774	10.1932	0	1
83.90000272	10.0624	0	1
84.19307131	9.97251396	0	1
84.48265109	9.893478251	0	1
84.77321463	9.818139497	0	1
85.06471472	9.746509935	0	1
85.35710402	9.678601199	0	1
85.65033503	9.61442432	0	1
85.94436012	9.553989721	0	1
86.23913154	9.49730722	0	1
86.53460141	9.444386022	0	1
86.83072174	9.395234725	0	1
87.12744442	9.34986131	0	1
87.42472127	9.308273149	0	1
87.72250398	9.270476996	0	1
88.02074421	9.23647899	0	1
88.3193935	9.206284654	0	1
88.61840335	9.179898892	0	1
88.91772518	9.157325989	0	1
89.21731039	9.138569613	0	1
89.5171103	9.12363281	0	1
89.81707623	9.112518005	0	1
90.11715945	9.105227005	0	1
90.41731122	9.101760993	0	1
90.71748278	9.102120533	0	1
91.01762539	9.106305566	0	1
91.31769028	9.114315413	0	1
91.61762872	9.126148771	0	1
91.91739199	9.14180372	0	1
92.21693141	9.161277716	0	1
92.51619831	9.184567597	0	1
92.81514409	9.211669579	0	1
93.11372019	9.2396	0	1
93.41187812	9.2593	0	1
93.758	9.2941	0	1
94.05493204	9.328786408	0	1
94.35186408	9.377572816	0	1
94.64879612	9.426359223	0	1
94.94572816	9.475145631	0	1
95.24266019	9.523932039	0	1
95.53959223	9.572718447	0	1
95.83652427	9.621504854	0	1
96.13345631	9.670291262	0	1
96.43038835	9.71907767	0	1
96.72732039	9.767864078	0	1
97.02425243	9.816650485	0	1
97.32118447	9.865436893	0	1
97.6181165	9.914223301	0	1
97.91504854	9.963009709	0	1
98.21198058	10.01179612	0	1
98.50891262	10.06058252	0	1
98.80584466	10.10936893	0	1
99.1027767	10.15815534	0	1
99.39970874	10.20694175	0	1
99.69664078	10.25572816	0	1
99.99357282	10.30451456	0	1
100.2905049	10.35330097	0	1
100.5874369	10.40208738	0	1
100.8843689	10.45087379	0	1
101.181301	10.49966019	0	1
101.478233	10.5484466	0	1
101.775165	10.59723301	0	1
102.0720971	10.64601942	0	1
102.3690291	10.69480583	0	1
102.6659612	10.74359223	0	1
102.9628932	10.79237864	0	1
103.2598252	10.84116505	0	1
103.5567573	10.88995146	0	1
103.8536893	10.93873786	0	1
104.1506214	10.98752427	0	1
104.4475534	11.03631068	0	1
104.7444854	11.08509709	0	1
105.0414175	11.1338835	0	1
105.3383495	11.1826699	0	1
105.6352816	11.23145631	0	1
105.9322136	11.28024272	0	1
106.2291456	11.32902913	0	1
106.5260777	11.37781553	0	1
106.8230097	11.42660194	0	1
107.1199417	11.47538835	0	1
107.4168738	11.52417476	0	1
107.7138058	11.57296117	0	1
108.0107379	11.62174757	0	1
108.3076699	11.67053398	0	1
108.6046019	11.71932039	0	1
108.901534	11.7681068	0	1
109.198466	11.8168932	0	1
109.4953981	11.86567961	0	1
109.7923301	11.91446602	0	1
110.0892621	11.96325243	0	1
110.3861942	12.01203883	0	1
110.6831262	12.06082524	0	1
110.9800583	12.10961165	0	1
111.2769903	12.15839806	0	1
111.5739223	12.20718447	0	1
111.8708544	12.25597087	0	1
112.1677864	12.30475728	0	1
112.4647184	12.35354369	0	1
112.7616505	12.4023301	0	1
113.0585825	12.4511165	0	1
113.3555146	12.49990291	0	1
113.6524466	12.54868932	0	1
113.9493786	12.59747573	0	1
114.2463107	12.64626214	0	1
114.5432427	12.69504854	0	1
114.8401748	12.74383495	0	1
115.1371068	12.79262136	0	1
115.4340388	12.84140777	0	1
115.7309709	12.89019417	0	1
116.0279029	12.93898058	0	1
116.324835	12.98776699	2	1
116.621767	13.0365534	2	1
116.918699	13.08533981	2	1
117.2156311	13.13412621	2	1
117.5125631	13.18291262	2	1
117.8094951	13.23169903	2	1
118.1064272	13.28048544	2	1
118.4033592	13.32927184	2	1
118.7002913	13.37805825	2	1
118.9972233	13.42684466	2	1
119.2941553	13.47563107	2	1
119.5910874	13.52441748	2	1
119.8880194	13.57320388	2	1
120.1849515	13.62199029	2	1
120.4818835	13.6707767	2	1
120.7788155	13.71956311	2	1
121.0757476	13.76834951	2	1
121.3726796	13.81713592	2	1
121.6696117	13.86592233	2	1
121.9665437	13.91470874	2	1
122.2634757	13.96349515	2	1
122.5604078	14.01228155	2	1
122.8573398	14.06106796	2	1
123.1542718	14.10985437	2	1
123.4512039	14.15864078	2	1
123.7481359	14.20742718	2	1
124.045068	14.25621359	2	1
124.342	14.305	2	1
124.5795	14.3736	2	1
124.8173985	14.44207515	2	1
125.1131021	14.49664127	2	1
125.4073027	14.55880305	2	1
125.6998052	14.62851927	2	1
125.9904156	14.70574371	2	1
126.2789414	14.79042516	2	1
126.5651912	14.88250747	2	1
126.8489751	14.98192959	2	1
127.130105	15.08862559	2	1
127.4083945	15.20252473	2	1
127.6836591	15.32355148	2	1
127.9557163	15.45162559	2	1
128.2243856	15.58666215	2	1
128.4894889	15.72857161	2	1
128.7508505	15.87725988	2	1
129.008297	16.03262837	2	1
129.2616577	16.19457407	2	1
129.5107647	16.36298958	2	1
129.7554527	16.53776324	2	1
129.9955596	16.71877917	2	1
130.2309261	16.90591733	2	1
130.4613961	17.09905365	2	1
130.6868168	17.29806006	2	1
130.9286555	17.63940877	2	1
131.1190887	17.87200629	2	1
131.2997472	18.11227477	2	1
131.4703223	18.35980371	0	1
131.6305225	18.6141702	0	1
131.7800742	18.87493968	0	1
131.9187219	19.14166662	0	1
132.0462286	19.41389532	0	1
132.1623765	19.69116068	0	1
132.2669673	19.972989	0	1
132.3598221	20.25889879	0	1
132.4407825	20.54840156	0	1
132.5097099	20.8410027	0	1
132.5664868	21.13620233	0	1
132.611016	21.43349608	0	1
132.6432216	21.73237604	0	1
132.6630484	22.03233158	0	1
132.6704626	22.33285023	0	1
132.6654516	22.63341855	0	1
132.6480239	22.93352304	0	1
132.6182092	23.23265097	0	1
132.5760586	23.53029127	0	1
132.5146499	23.95856984	0	1
132.4688081	24.25560149	0	1
132.4229664	24.55263314	0	1
132.3771246	24.84966478	0	1
132.3312828	25.14669643	0	1
132.285441	25.44372807	0	1
132.2395993	25.74075972	0	1
132.1937575	26.03779136	0	1
132.1479157	26.33482301	0	1
132.102074	26.63185465	0	1
132.0562322	26.9288863	0	1
132.0103904	27.22591795	0	1
131.9645486	27.52294959	0	1
131.9187069	27.81998124	0	1
131.8728651	28.11701288	0	1
131.8270233	28.41404453	0	1
131.7811815	28.71107617	0	1
131.7353398	29.00810782	0	1
131.689498	29.30513946	0	1
131.6436562	29.60217111	0	1
131.5978145	29.89920276	0	1
131.5519727	30.1962344	0	1
131.5061309	30.49326605	0	1
131.4602891	30.79029769	0	1
131.4144474	31.08732934	0	1
131.3686056	31.38436098	0	1
131.3227638	31.68139263	0	1
131.2769221	31.97842427	0	1
131.2310803	32.27545592	0	1
131.1852385	32.57248757	0	1
131.1393967	32.86951921	0	1
131.093555	33.16655086	0	1
131.0477132	33.4635825	0	1
131.0018714	33.76061415	0	1
130.9560297	34.05764579	0	1
130.9101879	34.35467744	0	1
130.8643461	34.65170908	0	1
130.8185043	34.94874073	0	1
130.7726626	35.24577238	0	1
130.7268208	35.54280402	0	1
130.680979	35.83983567	0	1
130.6351372	36.13686731	0	1
130.5892955	36.43389896	0	1
130.5434537	36.7309306	0	1
130.4976119	37.02796225	0	1
130.4517702	37.32499389	0	1
130.4059284	37.62202554	0	1
130.3600866	37.91905719	0	1
130.3142448	38.21608883	0	1
130.2684031	38.51312048	0	1
130.2225613	38.81015212	0	1
130.1767195	39.10718377	0	1
130.1308778	39.40421541	0	1
130.085036	39.70124706	0	1
130.0391942	39.9982787	0	1
129.9933524	40.29531035	0	1
129.9475107	40.592342	0	1
129.9016689	40.88937364	0	1
129.8558271	41.18640529	0	1
129.8099853	41.48343693	0	1
129.7641436	41.78046858	0	1
129.7183018	42.07750022	0	1
129.67246	42.37453187	0	1
129.6266183	42.67156352	0	1
129.5807765	42.96859516	0	1
129.5349347	43.26562681	0	1
129.4890929	43.56265845	0	1
129.4432512	43.8596901	0	1
129.3974094	44.15672174	0	1
129.3515676	44.45375339	0	1
129.3057259	44.75078503	0	1
129.2598841	45.04781668	0	1
129.2140423	45.34484833	0	1
129.1682005	45.64187997	0	1
129.1223588	45.93891162	0	1
129.076517	46.23594326	0	1
129.0306752	46.53297491	0	1
128.9848334	46.83000655	0	1
128.9389917	47.1270382	0	1
128.8931499	47.42406984	0	1
128.8473081	47.72110149	0	1
128.8014664	48.01813314	0	1
128.7556246	48.31516478	0	1
128.7097828	48.61219643	0	1
128.663941	48.90922807	0	1
128.6180993	49.20625972	0	1
128.5722575	49.50329136	0	1
128.5264157	49.80032301	0	1
128.480574	50.09735465	0	1
128.4347322	50.3943863	0	1
128.3888904	50.69141795	0	1
128.3430486	50.98844959	0	1
128.2972069	51.28548124	0	1
128.2513651	51.58251288	0	1
128.2055233	51.87954453	0	1
128.1596815	52.17657617	0	1
128.1138398	52.47360782	0	1
128.067998	52.77063946	0	1
128.0221562	53.06767111	0	1
127.9763145	53.36470276	0	1
127.9304727	53.6617344	0	1
127.8846309	53.95876605	0	1
127.8387891	54.25579769	0	1
127.7929474	54.55282934	0	1
127.7471056	54.84986098	0	1
127.7012638	55.14689263	0	1
127.6554221	55.44392427	0	1
127.6095803	55.74095592	0	1
127.5637385	56.03798757	0	1
127.5178967	56.33501921	0	1
127.472055	56.63205086	0	1
127.4262132	56.9290825	0	1
127.3803714	57.22611415	0	1
127.3345297	57.52314579	0	1
127.2886879	57.82017744	0	1
127.2428461	58.11720908	0	1
127.1970043	58.41424073	0	1
127.1511626	58.71127238	0	1
127.1053208	59.00830402	0	1
127.059479	59.30533567	0	1
127.0136372	59.60236731	0	1
126.9677955	59.89939896	0	1
126.9219537	60.1964306	0	1
126.8761119	60.49346225	0	1
126.8302702	60.79049389	0	1
126.7844284	61.08752554	0	1
126.7385866	61.38455719	0	1
126.6927448	61.68158883	0	1
126.6469031	61.97862048	0	1
126.6010613	62.27565212	0	1
126.5552195	62.57268377	0	1
126.5093778	62.86971541	0	1
126.463536	63.16674706	0	1
126.4176942	63.4637787	0	1
126.3718524	63.76081035	0	1
126.3260107	64.057842	0	1
126.2801689	64.35487364	0	1
126.2343271	64.65190529	0	1
126.1884853	64.94893693	0	1
126.1426436	65.24596858	0	1
126.0968018	65.54300022	0	1
126.05096	65.84003187	0	1
126.0051183	66.13706352	0	1
125.9592765	66.43409516	0	1
125.9134347	66.73112681	0	1
125.8675929	67.02815845	0	1
125.8217512	67.3251901	0	1
125.7759094	67.62222174	0	1
125.7300676	67.91925339	0	1
125.6842259	68.21628503	0	1
125.6383841	68.51331668	0	1
125.5925423	68.81034833	0	1
125.5467005	69.10737997	0	1
125.5008588	69.40441162	0	1
125.455017	69.70144326	0	1
125.4091752	69.99847491	0	1
125.3633334	70.29550655	0	1
125.3174917	70.5925382	0	1
