87.22187247	8.382987275	1	1.83779
87.52033196	8.352623976	1	1.82909
87.81922128	8.326832927	1	1.81959
88.11846673	8.30556899	1	1.80847
88.41799739	8.288794516	1	1.79582
88.71774386	8.276463522	1	1.78819
89.01763832	8.268506805	1	1.781
89.31761571	8.264824068	1	1.77301
89.61761536	8.265282814	1	1.76638
89.91758248	8.269723972	1	1.75894
90.21746906	8.277972358	1	1.75121
90.51723388	8.289848731	1	1.74414
90.81684185	8.305180439	1	1.73687
91.11626307	8.323806462	1	1.72832
91.41547223	8.345575132	1	1.72078
91.7144485	8.370337873	1	1.71269
92.01317578	8.397942394	1	1.70347
92.3116433	8.428226645	1	1.69469
92.60984623	8.461014009	1	1.68667
92.90778601	8.496112243	1	1.68067
93.20547013	8.533316594	1	1.67628
93.50291139	8.572415128	1	1.67221
93.80012667	8.613195936	1	1.66924
94.09713559	8.655453549	1	1.66769
94.39395924	8.698993371	1	1.66465
94.69061931	8.743634242	1	1.66039
94.98713693	8.789211644	0	1.65511
95.28353177	8.835580755	0	1.65148
95.57982129	8.882618217	0	1.64919
95.87602017	8.930223096	0	1.64765
96.17214006	8.978316873	0	1.64623
96.46818996	9.026839611	0	1.6447
96.76417717	9.075743316	0	1.64413
97.06010873	9.124982652	0	1.64503
97.35599307	9.174504892	0	1.64548
97.65184125	9.224242798	0	1.64563
97.9476665	9.274116849	0	1.64596
98.24348269	9.324044582	0	1.64548
98.53930233	9.373951945	0	1.64447
98.83513454	9.42378466	0	1.64269
99.13098376	9.473516373	0	1.64021
99.42684952	9.52314953	0	1.64032
99.72272754	9.572709538	0	1.64015
100.0186117	9.622233153	0	1.64
100.3144961	9.671755141	0	1.63921
100.610377	9.721297442	0	1.63807
100.9062539	9.770864563	0	1.63639
101.2021286	9.820444417	0	1.63484
101.4980051	9.870013114	0	1.63397
101.7938883	9.919542272	0	1.63366
102.0897825	9.969005909	0	1.63351
102.3856909	10.01838433	0	1.63326
102.6816156	10.06766468	0	1.63273
102.9775581	10.11683842	0	1.63101
103.2735195	10.16589813	0	1.63163
103.5695011	10.21483552	0	1.63175
103.8655044	10.2636417	0	1.6311
104.1615304	10.31231021	0	1.63004
104.4575789	10.36084142	0	1.62779
104.7536481	10.40924625	0	1.62826
105.0497342	10.4575476	0	1.62936
105.3458317	10.5057789	0	1.63227
105.6419342	10.55397965	0	1.63321
105.9380354	10.60218855	0	1.63324
106.2341301	10.65043732	0	1.63331
106.5302148	10.69874719	0	1.63339
106.8262876	10.74712966	0	1.63431
107.1223477	10.79559022	0	1.63515
107.4183944	10.8441327	0	1.63622
107.7144267	10.89276283	0	1.63731
108.0104429	10.94149037	0	1.63861
108.3064408	10.99032968	0	1.63866
108.6024174	11.0392975	0	1.63776
108.8983703	11.08840828	0	1.63653
109.1942983	11.13766895	0	1.63487
109.490202	11.18707551	0	1.63295
109.7860837	11.23661331	0	1.63094
110.0819473	11.28625935	0	1.62945
110.3777976	11.33598498	0	1.62914
110.6736398	11.38575787	0	1.6286
110.9694799	11.43554377	0	1.62785
111.2653237	11.48530818	0	1.62701
111.5611766	11.53501771	0	1.62606
111.857044	11.58464091	0	1.6264
112.1529306	11.63414975	0	1.62601
112.4488401	11.68352168	0	1.62484
112.7447747	11.73274245	0	1.62333
113.0407352	11.78180754	0	1.62165
113.3367208	11.83072134	0	1.61866
113.6327296	11.87949404	0	1.62026
113.9287597	11.9281377	0	1.62189
114.2248091	11.9766631	0	1.62205
114.5208768	12.02507725	0	1.62247
114.8169623	12.07338226	0	1.62349
115.1130661	12.12157522	0	1.62446
115.4091893	12.16964847	0	1.62537
115.7053339	12.21759005	0	1.62565
116.0015021	12.26538513	0	1.62613
116.2976963	12.31301918	0	1.62685
116.5939178	12.36048288	0	1.6278
116.8901663	12.40777845	0	1.62877
117.1864381	12.45492716	0	1.63009
117.4827262	12.50197354	0	1.63143
117.7790197	12.54898598	0	1.63274
118.0753046	12.5960526	0	1.63362
118.3715655	12.64326948	0	1.63458
118.6677887	12.69072296	0	1.63713
118.9639645	12.73847142	0	1.63845
119.2600899	12.78653115	0	1.63784
119.5561699	12.83486966	0	1.64008
119.8522171	12.88340928	0	1.64329
120.148249	12.93204145	0	1.64432
120.4442851	12.9806484	0	1.6444
120.7403414	13.02913222	0	1.64344
121.0364257	13.07744466	0	1.64479
121.3325342	13.12560816	0	1.64429
121.62865	13.17372716	0	1.64008
121.9247425	13.22198921	0	1.63322
122.2207684	13.27065816	0	1.6261
122.5166724	13.32006288	0	1.61949
122.812388	13.37058316	0	1.61579
123.1078377	13.42263574	0	1.61273
123.4029327	13.47666294	0	1.61061
123.6975717	13.53312385	0	1.60764
123.9916398	13.59248684	0	1.60049
124.2850066	13.65522359	0	1.59094
124.5775249	13.72180508	0	1.59004
124.8690278	13.79269955	0	1.58524
125.1593268	13.86837325	1	1.58144
125.4482082	13.94928984	1	1.57543
125.7354323	14.03590577	1	1.57097
126.0207327	14.12866185	1	1.56533
126.30382	14.22796728	1	1.56101
126.5843895	14.33417809	1	1.55544
126.8621323	14.44757519	1	1.55012
127.136749	14.56834598	1	1.54562
127.407963	14.69657601	1	1.54019
127.6755276	14.83225618	1	1.53563
127.9392271	14.97530322	1	1.53083
128.1988707	15.12558671	1	1.52667
128.454279	15.2829606	1	1.52099
128.7052669	15.44729247	1	1.51725
128.9516276	15.6184834	1	1.51276
129.1931181	15.7964785	1	1.50892
129.4294526	15.98126461	1	1.50437
129.6603044	16.1728561	1	1.50232
129.8853127	16.3712778	1	1.49687
130.1040904	16.5765488	1	1.49329
130.3162354	16.78866746	1	1.49068
130.5213413	17.00759985	1	1.4873
130.7190068	17.23327243	1	1.48373
130.9088451	17.46556797	1	1.47988
131.0904902	17.70432473	1	1.47675
131.2636042	17.94933752	1	1.47362
131.4278844	18.20035883	1	1.47041
131.5830721	18.45710085	1	1.46666
131.7289583	18.71923987	1	1.46252
131.8653894	18.98642181	1	1.45886
131.9922699	19.25826909	1	1.45437
132.1095646	19.53438786	1	1.45076
132.2172999	19.81437486	1	1.44814
132.3155651	20.09782428	1	1.44326
132.4045091	20.38433532	1	1.44205
132.4843338	20.67351981	1	1.43838
132.5552815	20.96500924	1	1.43713
132.6176226	21.25845987	1	1.43433
132.6716435	21.55355553	1	1.43532
132.7176344	21.85000884	1	1.4325
132.7558795	22.14756061	1	1.43472
132.7866534	22.44597764	1	1.43459
132.8102248	22.74504981	1	1.43681
132.8268662	23.04458755	1	1.43864
132.8368625	23.34442064	1	1.44201
132.8405161	23.6443981	1	1.4451
132.8381495	23.94438851	1	1.44868
132.8301102	24.24428054	1	1.45421
132.8167702	24.5439836	1	1.45833
132.7985209	24.84342786	1	1.46496
132.7757663	25.14256353	1	1.47102
132.7489148	25.44135932	1	1.47873
132.7183747	25.73980069	1	1.48672
132.6845513	26.03788782	1	1.49558
132.6478418	26.33563331	1	1.50511
132.6086302	26.63305965	1	1.51449
132.5672857	26.93019702	1	1.52787
132.5241614	27.22708132	1	1.54427
132.479592	27.52375211	1	1.55347
132.4338916	27.8202508	1	1.5546
132.3873507	28.11661872	1	1.55381
132.3402328	28.41289545	1	1.55536
132.2927731	28.70911763	0	1.55714
132.2451754	29.00531766	0	1.55867
132.1976052	29.3015221	0	1.5594
132.1501845	29.59775052	0	1.55946
132.1029899	29.89401506	0	1.5595
132.0560542	30.19032071	0	1.55955
132.0093716	30.48666633	0	1.5596
131.9629056	30.78304602	0	1.55966
131.9166	31.07945079	0	1.55972
131.8703926	31.37587089	0	1.55977
131.8242296	31.67229791	0	1.55982
131.778072	31.96872578	0	1.55987
131.7318958	32.26515074	0	1.55992
131.6856899	32.56157107	0	1.55997
131.6394547	32.85798683	0	1.56002
131.5931992	33.15439943	0	1.56008
131.5469365	33.45081091	0	1.56013
131.5006772	33.74722291	0	1.56018
131.4544266	34.04363628	0	1.56023
131.4081864	34.34005127	0	1.56028
131.3619565	34.63646786	0	1.56033
131.3157351	34.93288577	0	1.56038
131.2695186	35.22930445	0	1.56043
131.2233031	35.52572329	0	1.56048
131.1770859	35.82214186	0	1.56053
131.1308668	36.11856014	0	1.56059
131.0846469	36.4149783	0	1.56064
131.0384269	36.71139644	0	1.56069
130.9922071	37.0078146	0	1.56074
130.9459873	37.30423276	0	1.56079
130.8997675	37.60065093	0	1.56084
130.8535477	37.8970691	0	1.56089
130.8073279	38.19348727	0	1.56094
130.7611081	38.48990544	0	1.56099
130.7148883	38.78632361	0	1.56104
130.6686685	39.08274178	0	1.5611
130.6224488	39.37915995	0	1.56115
130.576229	39.67557812	0	1.5612
130.5300092	39.97199629	0	1.56125
130.4837894	40.26841446	0	1.5613
130.4375696	40.56483263	0	1.56135
130.3913498	40.8612508	0	1.5614
130.34513	41.15766897	0	1.56145
130.2989103	41.45408714	0	1.5615
130.2526905	41.75050531	0	1.56155
130.2064707	42.04692348	0	1.56161
130.1602509	42.34334165	0	1.56166
130.1140311	42.63975982	0	1.56171
130.0678113	42.93617799	0	1.56176
130.0215915	43.23259616	0	1.56181
129.9753718	43.52901433	0	1.56186
129.929152	43.8254325	0	1.56191
129.8829322	44.12185067	0	1.56196
129.8367124	44.41826884	0	1.56201
129.7904926	44.71468701	0	1.56206
129.7442728	45.01110517	0	1.56211
129.698053	45.30752334	0	1.56217
129.6518333	45.60394151	0	1.56222
129.6056135	45.90035968	0	1.56227
129.5593937	46.19677785	0	1.56232
129.5131739	46.49319602	0	1.56237
129.4669541	46.78961419	0	1.56242
129.4207343	47.08603236	0	1.56247
129.3745145	47.38245053	0	1.56252
129.3282947	47.6788687	0	1.56257
129.282075	47.97528687	0	1.56262
129.2358552	48.27170504	0	1.56268
129.1896354	48.56812321	0	1.56273
129.1434156	48.86454138	0	1.56278
129.0971958	49.16095955	0	1.56283
129.050976	49.45737772	0	1.56288
129.0047563	49.75379589	0	1.56293
128.9585365	50.05021406	0	1.56298
128.9123167	50.34663223	0	1.56303
128.8660969	50.6430504	0	1.56308
128.8198771	50.93946857	0	1.56313
128.7736573	51.23588674	0	1.56319
128.7274375	51.53230491	0	1.56324
128.6812178	51.82872308	0	1.56329
128.634998	52.12514125	0	1.56334
128.5887782	52.42155942	0	1.56339
128.5425584	52.71797759	0	1.56344
128.4963386	53.01439576	0	1.56349
128.4501188	53.31081393	0	1.56354
128.4038991	53.6072321	0	1.56359
128.3576793	53.90365027	0	1.56364
128.3114595	54.20006844	0	1.56369
128.2652397	54.49648661	0	1.56375
128.2190199	54.79290478	0	1.5638
128.1728001	55.08932295	0	1.56385
128.1265803	55.38574112	0	1.5639
128.0803605	55.68215929	0	1.56395
128.0341408	55.97857746	0	1.564
127.987921	56.27499563	0	1.56405
127.9417012	56.5714138	0	1.5641
127.8954814	56.86783197	0	1.56415
127.8492616	57.16425014	0	1.5642
127.8030418	57.46066831	0	1.56426
127.756822	57.75708648	0	1.56431
127.7106023	58.05350465	0	1.56436
127.6643825	58.34992282	0	1.56441
127.6181627	58.64634099	0	1.56446
127.5719429	58.94275916	0	1.56451
127.5257231	59.23917733	0	1.56456
127.4795033	59.5355955	0	1.56461
127.4332836	59.83201367	0	1.56466
127.3870638	60.12843184	0	1.56471
127.340844	60.42485001	0	1.56477
127.2946242	60.72126818	0	1.56482
127.2484044	61.01768635	0	1.56487
127.2021846	61.31410452	0	1.56492
127.1559649	61.61052269	0	1.56497
127.1097451	61.90694086	0	1.56502
127.0635253	62.20335903	0	1.56507
127.0173055	62.4997772	0	1.56512
126.9710857	62.79619537	0	1.56517
126.9248659	63.09261354	0	1.56522
126.8786461	63.38903171	0	1.56528
126.8324263	63.68544988	0	1.56533
126.7862066	63.98186805	0	1.56538
126.7399868	64.27828622	0	1.56543
126.693767	64.57470439	0	1.56548
126.6475472	64.87112256	0	1.56553
126.6013274	65.16754073	0	1.56558
126.5551076	65.4639589	0	1.56563
126.5088878	65.76037707	0	1.56568
126.4626681	66.05679523	0	1.56573
126.4164483	66.3532134	0	1.56578
126.3702285	66.64963157	0	1.56584
126.3240087	66.94604974	0	1.56589
126.2777889	67.24246791	0	1.56594
126.2315691	67.53888608	0	1.56599
126.1853493	67.83530425	0	1.56604
126.1391296	68.13172242	0	1.56609
126.0929098	68.42814059	0	1.56614
126.04669	68.72455876	0	1.56619
126.0004702	69.02097693	0	1.56624
125.9542504	69.3173951	0	1.56629
125.9080306	69.61381327	0	1.56635
125.8618109	69.91023144	0	1.5664
125.8155911	70.20664962	0	1.56645
125.7693713	70.50306779	0	1.5665
125.7231515	70.79948596	0	1.56655
125.6769317	71.09590413	0	1.5666
125.6307119	71.3923223	0	1.56665
125.5844921	71.68874047	0	1.5667
125.5382724	71.98515863	0	1.56675
125.4920526	72.2815768	0	1.5668
125.4458328	72.57799497	0	1.56686
125.399613	72.87441314	0	1.56691
125.3533932	73.17083131	0	1.56696
125.3071734	73.46724948	0	1.56701
125.2609536	73.76366765	0	1.56706
125.2147339	74.06008582	0	1.56711
125.1685141	74.35650399	0	1.56716
125.1222943	74.65292216	0	1.56721
125.0760745	74.94934033	0	1.56726
125.0298547	75.2457585	0	1.56731
124.9836349	75.54217667	0	1.56736
124.9374151	75.83859484	0	1.56742
124.8911954	76.13501301	0	1.56747
124.8449756	76.43143118	0	1.56752
124.7987558	76.72784935	0	1.56757
124.752536	77.02426752	0	1.56762
124.7063162	77.32068569	0	1.56767
124.6600964	77.61710386	0	1.56772
124.6138766	77.91352203	0	1.56777
124.5676569	78.2099402	0	1.56782
124.5214371	78.50635837	0	1.56787
124.4752173	78.80277654	0	1.56793
124.4289975	79.09919471	0	1.56798
124.3827777	79.39561288	0	1.56803
124.3365579	79.69203105	0	1.56808
124.2903381	79.98844922	0	1.56813
124.2441184	80.28486739	0	1.56818
124.1978986	80.58128556	0	1.56823
124.1516788	80.87770373	0	1.56828
124.105459	81.1741219	0	1.56833
124.0592392	81.47054007	0	1.56838
124.0130194	81.76695824	0	1.56844
123.9667996	82.06337641	0	1.56849
123.9205799	82.35979458	0	1.56854
123.8743601	82.65621275	0	1.56859
123.8281403	82.95263092	0	1.56864
123.7819205	83.24904909	0	1.56869
123.7357007	83.54546726	0	1.56874
123.6894809	83.84188543	0	1.56879
123.6432611	84.1383036	0	1.56884
123.5970414	84.43472177	0	1.56889
123.5508216	84.73113994	0	1.56894
123.5046018	85.02755811	0	1.569
123.458382	85.32397628	0	1.56905
123.4121622	85.62039445	0	1.5691
123.3659424	85.91681262	0	1.56915
123.3197226	86.21323079	0	1.5692
123.2735029	86.50964896	0	1.56925
123.2272831	86.80606713	0	1.5693
123.1810633	87.1024853	0	1.56935
123.1348435	87.39890347	0	1.5694
123.0886237	87.69532164	0	1.56945
123.0424039	87.99173981	0	1.56951
122.9961842	88.28815798	0	1.56956
122.9499644	88.58457615	0	1.56961
122.9037446	88.88099432	0	1.56966
122.8575248	89.17741249	0	1.56971
122.811305	89.47383066	0	1.56976
122.7650852	89.77024882	0	1.56981
122.7188654	90.06666699	0	1.56986
122.6726456	90.36308516	0	1.56991
122.6264258	90.65950333	0	1.56996
122.580206	90.9559215	0	1.57002
122.5339862	91.25233967	0	1.57007
122.4877665	91.54875784	0	1.57012
122.4415467	91.84517601	0	1.57017
122.3953269	92.14159417	0	1.57022
122.3491071	92.43801234	0	1.57027
122.3028873	92.73443051	0	1.57032
122.2566675	93.03084868	0	1.57037
122.2104477	93.32726685	0	1.57042
122.1642279	93.62368502	0	1.57047
122.1180082	93.92010319	0	1.57053
122.0717884	94.21652136	0	1.57058
122.0255686	94.51293954	0	1.57063
121.9793488	94.80935771	0	1.57068
121.933129	95.10577588	0	1.57073
121.8869093	95.40219405	0	1.57078
121.8406895	95.69861222	0	1.57083
121.7944697	95.99503039	0	1.57088
121.7482499	96.29144856	0	1.57093
121.7020301	96.58786673	0	1.57098
121.6558104	96.8842849	0	1.57103
121.6095906	97.18070307	0	1.57109
121.5633708	97.47712124	0	1.57114
121.517151	97.77353941	0	1.57119
121.4709312	98.06995758	0	1.57124
121.4247115	98.36637575	0	1.57129
121.3784917	98.66279392	0	1.57134
121.3322719	98.95921209	0	1.57139
121.2860521	99.25563026	0	1.57144
121.2398323	99.55204843	0	1.57149
121.1936125	99.8484666	0	1.57154
121.1473928	100.1448848	0	1.5716
121.101173	100.4413029	0	1.57165
121.0549532	100.7377211	0	1.5717
121.0087334	101.0341393	0	1.57175
120.9625136	101.3305575	0	1.5718
120.9162938	101.6269756	0	1.57185
120.8700741	101.9233938	0	1.5719
120.8238543	102.219812	0	1.57195
120.7776345	102.5162301	0	1.572
120.7314147	102.8126483	0	1.57205
120.6851949	103.1090665	0	1.57211
120.6389751	103.4054846	0	1.57216
120.5927553	103.7019028	0	1.57221
120.5465355	103.998321	0	1.57226
120.5003157	104.2947392	0	1.57231
120.454096	104.5911573	0	1.57236
120.4078762	104.8875755	0	1.57241
120.3616564	105.1839937	0	1.57246
120.3154366	105.4804118	0	1.57251
120.2692168	105.77683	0	1.57256
120.222997	106.0732482	0	1.57261
120.1767772	106.3696663	0	1.57267
120.1305575	106.6660845	0	1.57272
120.0843377	106.9625027	0	1.57277
120.0381179	107.2589208	0	1.57282
119.9918981	107.555339	0	1.57287
119.9456783	107.8517572	0	1.57292
119.8994585	108.1481754	0	1.57297
119.8532387	108.4445935	0	1.57302
119.807019	108.7410117	0	1.57307
119.7607992	109.0374299	0	1.57312
119.7145794	109.333848	0	1.57318
119.6683596	109.6302662	0	1.57323
119.6221398	109.9266844	0	1.57328
119.57592	110.2231025	0	1.57333
119.5297002	110.5195207	0	1.57338
119.4834805	110.8159389	0	1.57343
119.4372607	111.1123571	0	1.57348
119.3910409	111.4087752	0	1.57353
119.3448211	111.7051934	0	1.57358
119.2986013	112.0016116	0	1.57363
119.2523815	112.2980297	0	1.57369
119.2061618	112.5944479	0	1.57374
119.159942	112.8908661	0	1.57379
119.1137222	113.1872842	0	1.57384
119.0675024	113.4837024	0	1.57389
119.0212826	113.7801206	0	1.57394
118.9750628	114.0765388	0	1.57399
118.928843	114.3729569	0	1.57404
118.8826233	114.6693751	0	1.57409
118.8364035	114.9657933	0	1.57414
118.7901837	115.2622114	0	1.57419
118.7439639	115.5586296	0	1.57425
118.6977441	115.8550478	0	1.5743
118.6515243	116.1514659	0	1.57435
118.6053045	116.4478841	0	1.5744
118.5590847	116.7443023	0	1.57445
118.512865	117.0407205	0	1.5745
118.4666452	117.3371386	0	1.57455
118.4204254	117.6335568	0	1.5746
118.3742056	117.929975	0	1.57465
118.3279858	118.2263931	0	1.5747
118.281766	118.5228113	0	1.57476
118.2355463	118.8192295	0	1.57481
118.1893265	119.1156476	0	1.57486
118.1431067	119.4120658	0	1.57491
118.0968869	119.708484	0	1.57496
118.0506671	120.0049022	0	1.57501
118.0044473	120.3013203	0	1.57506
117.9582275	120.5977385	0	1.57511
117.9120078	120.8941567	0	1.57516
117.865788	121.1905748	0	1.57521
117.8195682	121.486993	0	1.57527
117.7733484	121.7834112	0	1.57532
117.7271286	122.0798293	0	1.57537
117.6809088	122.3762475	0	1.57542
117.634689	122.6726657	0	1.57547
117.5884693	122.9690839	0	1.57552
117.5422495	123.265502	0	1.57557
117.4960297	123.5619202	0	1.57562
117.4498099	123.8583384	0	1.57567
117.4035901	124.1547565	0	1.57572
117.3573703	124.4511747	0	1.57578
117.3111505	124.7475929	0	1.57583
117.2649308	125.044011	0	1.57588
117.218711	125.3404292	0	1.57593
117.1724912	125.6368474	0	1.57598
117.1262714	125.9332655	0	1.57603
117.0800516	126.2296837	0	1.57608
117.0338318	126.5261019	0	1.57613
116.9876121	126.8225201	0	1.57618
116.9413926	127.1189383	0	1.57623
116.8951733	127.4153565	0	1.57628
116.8489539	127.7117748	0	1.57634
116.8027335	128.0081928	0	1.57639
116.7565106	128.3046105	0	1.57644
116.7102836	128.6010276	0	1.57649
116.6640518	128.8974439	0	1.57654
116.617816	129.1938595	0	1.57659
116.5715815	129.4902754	0	1.57664
116.525361	129.7866935	0	1.57669
116.4791773	130.0831173	0	1.57674
116.4330614	130.3795516	0	1.57679
116.3870478	130.6760018	0	1.57685
116.3411746	130.9724739	0	1.5769
116.2954788	131.2689733	0	1.57695
116.2499986	131.5655058	1	1.577
116.2047654	131.8620761	1	1.57705
116.159804	132.1586878	1	1.5771
116.1151271	132.4553424	1	1.57715
116.0707324	132.7520394	1	1.5772
116.0265854	133.0487734	1	1.57725
115.9825988	133.3455312	1	1.5773
115.9386083	133.6422884	1	1.5773
115.8943634	133.9390077	1	1.57728
115.8495117	134.235636	1	1.57693
115.8036036	134.5321026	1	1.57645
115.7560848	134.8283152	1	1.57663
115.7063147	135.1241579	1	1.57662
115.6535792	135.4194864	1	1.57668
115.5971116	135.714124	1	1.57793
115.5360985	136.0078539	1	1.5809
115.4696928	136.3004118	1	1.58639
115.3970216	136.5914765	1	1.58948
115.3172065	136.8806637	1	1.59636
115.2293767	137.1675183	1	1.60831
115.1326969	137.4515123	1	1.62521
115.0263781	137.7320399	1	1.64185
114.9097122	138.0084244	1	1.6484
114.7820938	138.2799253	1	1.647
114.6430381	138.5457497	1	1.64335
114.4921914	138.8050646	1	1.63913
114.329338	139.057012	1	1.63569
114.1544071	139.3007286	1	1.63071
113.9674763	139.5353672	1	1.62544
113.7687695	139.7601202	1	1.62381
113.5586457	139.9742371	1	1.61727
113.3375799	140.1770372	1	1.6184
113.1061549	140.3679308	1	1.61333
112.8650334	140.5464195	1	1.61453
112.6149321	140.7120911	1	1.61059
112.3566029	140.8646155	1	1.61182
112.0908183	141.0037422	1	1.61003
111.8183613	141.1293005	1	1.60668
111.5400151	141.241198	1	1.60407
111.25655	141.3394086	1	1.59987
110.9687138	141.4239546	1	1.59789
110.6772255	141.494894	1	1.59388
110.3827755	141.5523132	1	1.59157
110.0860216	141.5963021	1	1.59354
109.7875953	141.6269541	1	1.59134
109.4881054	141.6443807	1	1.59484
109.1881405	141.648737	1	1.59487
108.888264	141.6402512	1	1.59639
108.5890032	141.6192509	1	1.59804
108.2908352	141.5861757	1	1.60128
107.9941712	141.5415804	1	1.60105
107.6993458	141.4861144	1	1.60247
107.406612	141.4204973	1	1.6055
107.1161436	141.3454842	1	1.60533
106.8280389	141.2618501	1	1.60113
106.5423235	141.1703845	1	1.59722
106.2589528	141.0718938	1	1.5958
105.9778108	140.9672101	1	1.59862
105.6987098	140.8571996	1	1.60211
105.4213911	140.7427699	1	1.60547
105.1455315	140.6248657	1	1.60918
104.8707553	140.5044582	1	1.61144
104.59665	140.3825308	0	1.61145
104.3227904	140.2600526	0	1.61296
104.0487573	140.1379633	0	1.61495
103.7741579	140.017153	0	1.61693
103.4986489	139.8984321	0	1.61851
103.221956	139.7824979	0	1.62024
102.9438867	139.6699052	0	1.62174
102.6643349	139.561046	0	1.62322
102.3832732	139.4561468	0	1.62469
102.1007364	139.3552886	0	1.62613
101.8168039	139.2584288	0	1.62752
101.5315819	139.165435	0	1.62885
101.2451835	139.0761298	0	1.63013
100.9577172	138.990324	0	1.63134
100.6692828	138.9078306	0	1.63249
100.3799773	138.828446	0	1.63356
100.0898983	138.7519356	0	1.63455
99.79913559	138.6780658	0	1.63547
99.50777236	138.606601	0	1.6363
99.21588637	138.537302	0	1.63704
98.9235509	138.4699239	0	1.63771
98.63083413	138.4042218	0	1.63828
98.33779834	138.3399573	0	1.63876
98.0445003	138.2769002	0	1.63916
97.75099423	138.2148185	0	1.63946
97.45733586	138.153461	0	1.63969
97.16357991	138.0925722	0	1.63982
96.86977501	138.0319201	0	1.63988
96.57596647	137.9712856	0	1.63986
96.28220014	137.9104471	0	1.63977
95.98853892	137.8491032	0	1.63962
95.69494567	137.7874348	0	1.63942
95.4014697	137.725211	0	1.63918
95.10815504	137.6622315	0	1.6389
94.81503063	137.5983729	0	1.6386
94.52210272	137.5336188	0	1.638
94.22935322	137.4680626	0	1.6377
93.93674579	137.4018749	0	1.6374
93.64423708	137.3352518	0	1.6371
93.35178657	137.2683736	0	1.63677
93.05937596	137.2013213	0	1.63641
92.76698571	137.13418	1	1.63606
92.47459099	137.0670583	1	1.63583
92.18217624	137.0000239	1	1.63471
91.88973176	136.9331193	1	1.63154
91.59726232	136.8663239	1	1.63112
91.30476541	136.799649	1	1.63187
91.01223238	136.7331327	1	1.63193
90.71966418	136.6667712	1	1.63669
90.42707262	136.6005128	1	1.64571
90.13448044	136.5342571	1	1.65627
89.84192178	136.4678536	1	1.66443
89.54944428	136.4010939	1	1.67256
89.25711334	136.333696	1	1.66468
88.96501781	136.2652866	1	1.59331
88.67327351	136.195397	1	1.54245
88.38200139	136.1235677	1	1.50771
88.09133915	136.0493131	1	1.48589
87.8014523	135.9720919	1	1.48333
87.51253685	135.8913183	1	1.4867
87.22480017	135.8064472	1	1.49097
86.93845154	135.7170099	1	1.49718
86.65369808	135.6226212	1	1.50519
86.37073663	135.5229919	1	1.51468
86.08974562	135.4179352	1	1.52639
85.81087696	135.3073679	1	1.53987
85.53424826	135.191309	1	1.55537
85.25993559	135.0698749	1	1.57336
84.98795871	134.9432926	1	1.59345
84.7182717	134.8118986	1	1.61587
84.45079399	134.6760603	1	1.64097
84.18539661	134.536198	1	1.66834
83.92190862	134.3927683	1	1.69776
83.6601302	134.2462395	1	1.72976
83.39984339	134.0970757	1	1.76443
83.1408213	133.9457252	1	1.80106
82.88283621	133.7926129	1	1.84086
82.62566598	133.6381355	1	1.88487
82.36909869	133.4826584	1	1.93137
82.11293689	133.3265139	1	1.98106
81.85700345	133.1699954	1	2.03342
81.60115058	133.0133451	1	2.08828
81.34526938	132.8567411	1	2.14564
81.08929603	132.7002878	1	2.20563
80.833212	132.5440157	1	2.26882
80.57703863	132.3878901	1	2.33503
80.32082751	132.2318264	1	2.40517
80.06464916	132.075709	1	2.47743
79.80857521	131.9194204	1	2.55139
79.55266364	131.762866	1	2.6119
79.29695225	131.605985	1	2.66294
79.04145822	131.4487502	1	2.71834
78.78618203	131.291162	1	2.77733
78.53111207	131.1332402	1	2.83732
78.27622867	130.9750174	1	2.90193
78.02150718	130.8165342	1	2.96807
77.76692029	130.6578348	1	3.03582
77.51243966	130.498965	1	3.10644
77.25803666	130.3399709	1	3.18001
77.00368238	130.1808989	1	3.18001
76.74934807	130.021795	1	3.25314
76.49500537	129.8627045	1	3.33217
76.24062657	129.7036717	1	3.41096
75.98618476	129.5447398	1	3.49221
75.73165409	129.3859502	1	3.57514
75.47700994	129.2273426	1	3.65948
75.22222908	129.0689548	1	3.74533
74.96728103	128.9108362	1	3.83278
74.71214902	128.7530147	1	3.9216
74.45681497	128.5955202	1	4.00953
74.20125976	128.4383849	1	4.09853
73.94546663	128.2816372	1	4.18829
73.68941817	128.1253071	1	4.27863
73.43309166	127.9694332	1	4.36823
73.17646876	127.8140478	1	4.45721
72.91953143	127.659183	1	4.54657
72.66226139	127.5048715	1	4.63621
72.40463941	127.3511483	1	4.72618
72.14664529	127.1980504	1	4.8165
71.88825966	127.0456142	1	4.90634
71.62946349	126.8938759	1	4.98167
71.37021462	126.7429124	1	5.0394
71.11052635	126.5927062	1	5.09541
70.85037315	126.4433068	1	5.14975
70.58973086	126.2947626	1	5.2024
70.32856178	126.1471467	1	5.25335
70.06683636	126.0005195	1	5.30261
69.80454643	125.8549046	1	5.35009
69.54170731	125.7102832	1	5.39579
69.27836149	125.5665864	1	5.43959
69.01457374	125.4237022	1	5.48146
68.75042201	125.2814919	1	5.55973
68.48598508	125.1398124	1	5.59648
68.22133144	124.9985381	1	5.63097
67.95651758	124.8575643	1	5.66389
67.69156456	124.7168522	1	5.69453
67.42646252	124.5764211	1	5.74899
67.1611767	124.4363374	1	5.77262
66.89565969	124.2966925	1	5.79405
66.62984685	124.1576117	1	5.81267
66.3636669	124.0192348	1	5.82338
66.09706484	123.8816734	1	5.84498
65.82987114	123.7452657	1	5.85649
65.56189647	123.6103998	1	5.86927
65.29297186	123.4774396	1	5.87841
65.02297113	123.346679	1	5.90009
64.75182204	123.2183164	1	5.90932
64.47904668	123.0934499	1	5.92042
64.20426056	122.9730735	1	5.93137
63.92773329	122.8567579	1	5.9545
63.64918448	122.7453785	1	5.9657
63.36837514	122.6398209	1	5.97786
63.08560412	122.5396634	1	5.9978
62.80029747	122.4469758	1	6.00763
62.5128476	122.3611552	1	6.02657
62.22320901	122.2830652	1	6.03606
61.93149989	122.2130998	1	6.05242
61.63781696	122.151932	1	6.06144
61.34255527	122.0989334	1	6.07912
61.04572309	122.0555188	1	6.08882
60.74786098	122.0199135	1	6.10707
60.4490559	121.9932812	1	6.11043
60.14968787	121.9740403	1	6.11655
59.84986498	121.9639401	1	6.11697
59.54990897	121.9596384	1	6.11793
59.24994288	121.9631785	1	6.11838
58.95011695	121.9732305	1	6.11544
58.65050776	121.9883695	1	6.11524
58.35121142	122.0088228	1	6.11266
58.05223562	122.0335529	1	6.10827
57.75362913	122.0623909	1	6.10502
57.45541647	122.09505	1	6.10256
57.15755	122.1307505	1	6.09567
56.86001772	122.1691363	1	6.0914
56.56280378	122.2099217	1	6.08727
56.26583857	122.2524842	1	6.0783
55.96901021	122.2959919	1	6.07395
55.67221068	122.3396958	1	6.06902
55.37535447	122.3830127	1	6.04444
55.07841049	122.4257238	1	5.99793
54.78135232	122.4676335	1	5.8686
54.48417248	122.5086718	1	5.80994
54.18688527	122.5489248	1	5.75682
53.88952014	122.5885981	1	5.70635
53.59211328	122.6279574	1	5.66165
53.29470802	122.6673288	1	5.58273
52.99735466	122.7070902	1	5.5451
52.70010458	122.7476158	1	5.50798
52.40299615	122.7891651	1	5.47028
52.10608812	122.8321208	1	5.39073
51.80942587	122.8767399	1	5.34928
51.51305308	122.9232409	1	5.30649
51.21701444	122.9718227	1	5.26204
50.92135649	123.0226701	1	5.21472
50.62609982	123.0758013	1	5.1135
50.33139958	123.1319342	1	5.06084
50.03727923	123.1910257	1	5.0058
49.74376731	123.2530678	1	4.949
49.45088757	123.3180273	1	4.89057
49.1587076	123.3860671	1	4.82843
48.86732511	123.4574458	1	4.76129
48.57682627	123.5323395	1	4.68844
48.28711615	123.6102278	1	4.60304
47.99805682	123.6905019	1	4.51107
47.70950428	123.7725803	1	4.41992
47.42136758	123.8561085	1	4.32993
47.1335398	123.9406962	1	4.24168
46.84593957	124.0260547	1	4.15516
46.55848767	124.1119115	1	4.15516
46.27113664	124.1981054	1	4.0702
45.98385404	124.284527	1	3.98695
45.69660221	124.3710509	1	3.90603
45.40933762	124.4575324	1	3.82809
45.12202186	124.5438437	1	3.75179
44.83462142	124.6298726	1	3.67577
44.54710763	124.7155218	1	3.58782
44.25945714	124.8007107	1	3.49915
43.97165174	124.8853748	1	3.41307
43.68367819	124.9694652	1	3.41307
43.39552792	125.0529481	1	3.3241
43.10719379	125.1357938	1	3.2391
42.81866994	125.2179764	1	3.15319
42.5299636	125.2995154	1	3.06745
42.24107934	125.3804218	1	2.98242
41.95202533	125.4607196	1	2.89809
41.66281413	125.5404494	1	2.81394
41.37346419	125.6196743	1	2.73087
41.0840017	125.6984871	1	2.65193
40.7944623	125.7770169	1	2.5723
40.50489091	125.8554287	1	2.49405
40.21533787	125.9339082	1	2.4182
39.92585171	126.0126339	1	2.34479
39.63646953	126.0917408	1	2.26962
39.34720695	126.171284	1	2.20463
39.05804979	126.2512098	1	2.13912
38.76894932	126.3313404	1	2.07684
38.47982283	126.4113769	1	2.01825
38.19056039	126.49092	1	1.96307
37.90103702	126.5695066	1	1.91085
37.61112757	126.6466548	1	1.86218
37.32072084	126.721907	1	1.82195
37.02973004	126.7948655	1	1.78317
36.73809682	126.8652098	1	1.75056
36.44578787	126.9326888	1	1.72147
36.15278673	126.9970934	1	1.6955
35.85908503	127.058221	1	1.67386
35.56467615	127.1158425	1	1.65647
35.26955316	127.1696816	1	1.64195
34.97371134	127.2194123	1	1.63249
34.67715452	127.2646754	1	1.6244
34.37990273	127.305114	1	1.61896
34.08199824	127.3404145	1	1.62004
33.78350707	127.370344	1	1.62241
33.4845158	127.3947736	1	1.62181
33.18512505	127.4136923	1	1.60267
32.88544116	127.4272118	1	1.58083
32.58556749	127.4355611	1	1.56119
32.28559668	127.4390717	1	1.54384
31.98560518	127.4381512	1	1.52945
31.68565095	127.4332448	1	1.51925
31.38577448	127.424792	1	1.52147
31.08600251	127.4131874	1	1.54235
30.78635269	127.3987553	1	1.5754
30.48683781	127.3817431	1	1.62161
30.18746839	127.3623343	1	1.65792
29.88825293	127.3406775	1	1.67742
29.5891963	127.3169248	1	1.67526
29.29029665	127.2912685	1	1.66835
28.99154247	127.2639664	1	1.66219
28.69291121	127.2353473	1	1.65709
28.39437035	127.2057972	1	1.65355
28.09588113	127.175728	0	1.65101
27.79740472	127.1455315	0	1.64902
27.49890829	127.1155338	0	1.64717
27.20036949	127.0859613	0	1.64525
26.90177828	127.056923	0	1.64275
26.60313644	127.02841	0	1.63999
26.30445513	127.0003128	0	1.63742
26.00575161	126.9724525	0	1.63533
25.70704564	126.9446183	0	1.63334
25.40835663	126.9166029	0	1.63139
25.10970191	126.8882247	0	1.62934
24.81109612	126.8593367	0	1.62725
24.51255101	126.8298286	0	1.62513
24.21407522	126.7996277	0	1.62302
23.91567429	126.768696	0	1.62089
23.6173507	126.737027	0	1.61874
23.31910377	126.7046439	0	1.61658
23.02092932	126.6715999	0	1.6144
22.72281909	126.637981	0	1.6122
22.42476022	126.6039095	0	1.61
22.1267348	126.5695461	0	1.60779
21.82871999	126.5350907	0	1.60557
21.53068842	126.5007807	0	1.60329
21.23260883	126.4668911	0	1.60102
20.93444708	126.4337335	0	1.59877
20.63616744	126.401656	0	1.59655
20.33773402	126.3710457	0	1.59435
20.0391126	126.3423332	0	1.5922
19.74027292	126.3159975	0	1.5901
19.44119266	126.2925642	0	1.58805
19.14186308	126.2725842	0	1.58607
18.84229516	126.2565941	0	1.58417
18.54252408	126.2450514	0	1.58235
18.24260836	126.2382646	0	1.58063
17.94262211	126.2363263	0	1.579
17.64264126	126.2390622	0	1.57746
17.34272695	126.2460126	0	1.57598
17.04291189	126.2564495	0	1.57459
16.74319455	126.269432	0	1.57326
16.44354217	126.2838611	0	1.572
16.14390061	126.2985218	0	1.57085
15.84420952	126.3121198	0	1.56949
15.54442028	126.3233024	0	1.56774
15.24451612	126.3306781	0	1.569
14.94453316	126.3328371	0	1.57357
14.64458098	126.3283705	0	1.57388
14.3448611	126.3159016	0	1.57995
14.04567924	126.2941402	1	1.58628
13.74744606	126.2619502	1	1.59471
13.45066616	126.2183941	1	1.59852
13.15591661	126.1627615	1	1.60863
12.86381346	126.0946014	1	1.61607
12.57497377	126.0137281	1	1.61446
12.28998183	125.9201962	1	1.60717
12.0093641	125.8142581	1	1.60963
11.73357851	125.6963063	1	1.60696
11.46301557	125.5668174	1	1.60814
11.19800499	125.4263092	1	1.6062
10.93882826	125.2753058	1	1.60375
10.68574163	125.1142997	1	1.60406
10.43899692	124.9437307	1	1.60434
10.19885307	124.7639857	1	1.60439
9.965587169	124.5753996	1	1.60408
9.739499794	124.3782643	1	1.60702
9.520915316	124.1728416	1	1.60817
9.310174682	123.95938	1	1.60662
9.10761681	123.7381391	1	1.60049
8.913561384	123.5094044	1	1.59446
8.728300273	123.2734905	1	1.58597
8.55211354	123.0307248	1	1.57403
8.385284739	122.7814359	1	1.566
8.228116169	122.5259472	1	1.56097
8.080942577	122.2645742	1	1.55255
7.944126861	121.9976347	1	1.54832
7.818048743	121.7254606	1	1.54312
7.703075808	121.4484138	1	1.54121
7.599515559	121.1669027	1	1.53681
7.507569088	120.8813873	1	1.53978
7.427305541	120.5923691	1	1.54309
7.358666118	120.3003702	1	1.54961
7.301468463	120.005914	1	1.55319
7.255416417	119.7095073	1	1.56182
7.220123719	119.4116248	1	1.56499
7.195137609	119.1126981	1	1.57096
7.179956457	118.8131102	1	1.57263
7.174043101	118.5131932	1	1.57684
7.176821341	118.2132276	1	1.57326
7.187665942	117.9134421	1	1.57271
7.205904011	117.6140125	1	1.56656
7.230821429	117.3150617	1	1.56711
7.261665523	117.0166614	1	1.56548
7.29765211	116.718835	1	1.56994
7.337982955	116.4215636	1	1.57797
7.381870505	116.1247946	1	1.5883
7.428560275	115.8284522	1	1.59502
7.477352862	115.5324478	0	1.59845
7.527619066	115.2366895	0	1.59712
7.578815474	114.9410904	0	1.59693
7.630496216	114.6455755	0	1.59741
7.682320306	114.3500856	0	1.59713
7.73405104	114.0545794	0	1.59647
7.785551134	113.7590329	0	1.59358
7.836763673	113.4634365	0	1.59224
7.887688653	113.1677903	0	1.59164
7.938359785	112.8721006	0	1.59109
7.988820756	112.5763749	0	1.59055
8.039109143	112.2806198	0	1.59001
8.089250215	111.9848397	0	1.58948
8.139256499	111.6890368	0	1.58894
8.189135215	111.3932123	0	1.5884
8.238895178	111.0973679	0	1.58786
8.288552613	110.8015062	0	1.58732
8.338128755	110.5056309	0	1.58678
8.387646437	110.2097457	0	1.58624
8.437128658	109.9138547	0	1.5857
8.486595851	109.6179611	0	1.58516
8.536063573	109.3220677	0	1.58462
8.585540805	109.0261758	0	1.58408
8.635030832	108.7302861	0	1.58354
8.684533716	108.4343985	0	1.583
8.734047537	108.1385127	0	1.58246
8.783569269	107.8426283	0	1.58192
8.833095386	107.5467446	0	1.58137
8.882622515	107.2508611	0	1.58082
8.932148393	106.9549773	0	1.58028
8.981672497	106.6590933	0	1.57973
9.031195595	106.3632091	0	1.57918
9.080718557	106.0673248	0	1.57863
9.130241657	105.7714406	0	1.57808
9.179764831	105.4755564	0	1.57753
9.229288026	105.1796723	0	1.57698
9.278811229	104.8837881	0	1.57643
9.328334436	104.5879039	0	1.57588
9.377857642	104.2920197	0	1.57534
9.427380846	103.9961355	0	1.57479
9.476904048	103.7002513	0	1.57424
9.52642725	103.4043671	0	1.57369
9.575950451	103.1084829	0	1.57314
9.625473653	102.8125988	0	1.57259
9.674996858	102.5167146	0	1.57204
9.724520069	102.2208304	0	1.57149
9.77404329	101.9249462	0	1.57094
9.823566524	101.629062	0	1.5704
9.873089762	101.3331778	0	1.56985
9.922612991	101.0372937	0	1.5693
9.972136183	100.7414095	0	1.56875
10.02165931	100.4455253	0	1.5682
10.07118233	100.1496411	0	1.56765
10.12070526	99.85375682	0	1.5671
10.1702281	99.55787257	0	1.56655
10.21975091	99.26198832	0	1.566
10.26927378	98.96610407	0	1.56545
10.31879682	98.67021986	0	1.56491
10.3683201	98.37433568	0	1.56436
10.41784369	98.07845156	0	1.56381
10.46736759	97.78256749	0	1.56326
10.51689175	97.48668346	0	1.56271
10.56641611	97.19079947	0	1.56216
10.61594055	96.89491549	0	1.56161
10.66546498	96.59903151	0	1.56106
10.71498932	96.30314751	0	1.56051
10.76451353	96.00726349	0	1.55996
10.81403759	95.71137945	0	1.55942
10.86356151	95.41549538	0	1.55887
10.91308531	95.11961129	0	1.55833
10.96260899	94.82372718	0	1.55778
11.01213257	94.52784306	0	1.55724
11.06165605	94.23195892	0	1.5567
11.11117943	93.93607476	0	1.55615
11.16070268	93.64019058	0	1.5556
11.2102258	93.34430638	0	1.55504
11.25974877	93.04842215	0	1.55449
11.30927157	92.7525379	0	1.55393
11.35879419	92.45665361	0	1.55338
11.40831662	92.1607693	0	1.55283
11.45783886	91.86488495	0	1.55228
11.50736095	91.56900057	0	1.55173
11.55688293	91.27311618	0	1.55118
11.60640489	90.97723179	0	1.55064
11.65592693	90.68134741	0	1.55009
11.70544915	90.38546305	0	1.54954
11.75497164	90.08957875	0	1.54899
11.8044944	89.79369449	0	1.54844
11.85401744	89.49781027	0	1.54789
11.90354068	89.20192609	0	1.54734
11.95306405	88.90604193	0	1.54679
12.00258744	88.61015777	0	1.54624
12.05211078	88.31427361	0	1.54569
12.10163404	88.01838943	0	1.54515
12.15115721	87.72250524	0	1.5446
12.2006803	87.42662103	0	1.54405
12.25020337	87.13073682	0	1.5435
12.29972643	86.83485261	0	1.54295
12.34924953	86.53896841	0	1.5424
12.39877266	86.24308421	0	1.54185
12.44829583	85.94720001	0	1.5413
12.49781903	85.65131583	0	1.54075
12.54734224	85.35543164	0	1.5402
12.59686546	85.05954745	0	1.53966
12.64638867	84.76366327	0	1.53911
12.69591188	84.46777908	0	1.53856
12.74543509	84.1718949	0	1.53801
12.79495829	83.87601071	0	1.53746
12.8444815	83.58012652	0	1.53691
12.8940047	83.28424233	0	1.53636
12.94352791	82.98835815	0	1.53581
12.99305111	82.69247396	0	1.53526
13.0425743	82.39658977	0	1.53472
13.09209747	82.10070558	0	1.53417
13.14162063	81.80482138	0	1.53362
13.19114379	81.50893719	0	1.53307
13.24066695	81.21305299	0	1.53252
13.29019013	80.9171688	0	1.53197
13.33971333	80.62128461	0	1.53142
13.38923657	80.32540043	0	1.53087
13.43875983	80.02951625	0	1.53032
13.48828312	79.73363208	0	1.52978
13.53780642	79.43774791	0	1.52923
13.58732972	79.14186374	0	1.52868
13.636853	78.84597957	0	1.52813
13.68637626	78.55009539	0	1.52758
13.73589949	78.2542112	0	1.52703
13.78542271	77.95832702	0	1.52648
13.83494592	77.66244283	0	1.52593
13.88446915	77.36655865	0	1.52538
13.93399242	77.07067447	0	1.52484
13.98351573	76.7747903	0	1.52429
14.03303907	76.47890614	0	1.52374
14.08256245	76.18302198	0	1.52319
14.13208584	75.88713783	0	1.52264
14.18160923	75.59125367	0	1.52209
14.23113262	75.29536951	0	1.52154
14.28065599	74.99948536	0	1.52099
14.33017934	74.70360119	0	1.52044
14.37970266	74.40771702	0	1.51989
14.42922594	74.11183285	0	1.51935
14.47874917	73.81594867	0	1.5188
14.52827235	73.52006447	0	1.51825
14.57779548	73.22418028	0	1.5177
14.62731859	72.92829607	0	1.51716
14.67684169	72.63241187	0	1.51661
14.72636481	72.33652767	0	1.51606
14.77588799	72.04064348	0	1.51551
14.82541124	71.7447593	0	1.51496
14.87493455	71.44887513	0	1.51441
14.92445789	71.15299096	0	1.51386
14.9739812	70.85710679	0	1.51331
15.02350441	70.56122261	0	1.51276
15.07302745	70.26533839	0	1.51221
15.12255029	69.96945414	0	1.51166
15.17207292	69.67356986	0	1.51111
15.22159538	69.37768555	0	1.51056
15.27111774	69.08180122	0	1.51001
15.32064009	68.78591689	0	1.50947
15.3701625	68.49003257	0	1.50892
15.41968501	68.19414827	0	1.50837
15.46920764	67.89826398	0	1.50782
15.51873038	67.60237972	0	1.50727
15.56825322	67.30649547	0	1.50672
15.61777614	67.01061123	0	1.50617
15.66729911	66.71472701	0	1.50562
15.71682214	66.41884279	0	1.50507
15.76634523	66.12295859	0	1.50451
15.81586837	65.82707439	0	1.50396
15.86539159	65.5311902	0	1.50341
15.9149149	65.23530603	0	1.50287
15.96443825	64.93942187	0	1.50233
16.01396151	64.64353769	0	1.50178
16.06348442	64.34765346	0	1.50123
16.11300674	64.05176912	0	1.50068
16.16252898	63.75588477	0	1.50013
16.21205282	63.46000069	0	1.49959
16.26158042	63.16411724	0	1.49904
16.31111284	62.8682346	0	1.49849
16.36064865	62.57235252	0	1.49794
16.41018323	62.27647024	0	1.49739
16.45970904	61.98058648	0	1.49684
16.50921728	61.68469979	0	1.49629
16.55870097	61.388809	0	1.49574
16.60815963	61.09291401	0	1.49519
16.65760399	60.79701664	0	1.49464
16.70705739	60.50112078	0	1.49409
16.75655212	60.20523183	0	1.49355
16.80612243	59.90935553	0	1.493
16.85579602	59.61349656	0	1.49245
16.90558568	59.31765709	0	1.4919
16.95548265	59.02183571	0	1.49135
17.00545349	58.7260268	0	1.49081
17.05544209	58.43022088	0	1.49028
17.10537612	58.13440575	0	1.48972
17.15517575	57.83856797	0	1.4891
17.20476176	57.54269432	0	1.4883
17.25406235	57.24677298	0	1.48742
17.30301833	56.95079446	0	1.4864
17.35158667	56.65475208	0	1.48401
17.39974286	56.35864239	0	1.48418
17.44748186	56.06246515	0	1.48466
17.49481895	55.76622341	0	1.48739
17.54179084	55.46992353	0	1.49155
17.58845724	55.17357537	0	1.49745
17.63490148	54.8771923	0	1.50388
17.68123002	54.58079111	0	1.51046
17.72757215	54.28439204	0	1.51581
17.77407969	53.98801889	1	1.52123
17.82092824	53.69169949	1	1.52754
17.86831928	53.39546643	1	1.53495
17.91648243	53.09935803	1	1.54282
17.96567705	52.8034194	1	1.55185
18.01619243	52.50770358	1	1.5613
18.06834623	52.21227263	1	1.57123
18.12247779	51.91719806	1	1.58205
18.17893709	51.62256051	1	1.59358
18.23807369	51.3284492	1	1.60581
18.30022742	51.0349613	1	1.61863
18.36572354	50.74220185	1	1.63241
18.43487196	50.4502842	1	1.64671
18.50797131	50.15933153	1	1.66124
18.58531578	49.8694793	1	1.67674
18.66720303	49.58087849	1	1.69292
18.75394125	49.29369942	1	1.70916
18.8458502	49.00813437	1	1.72514
18.94325779	48.72439921	1	1.74129
19.04649357	48.44273378	1	1.75711
19.1558789	48.16340066	1	1.77236
19.27171644	47.8866826	1	1.78715
19.39427866	47.61287831	1	1.80111
19.52379848	47.34229741	1	1.81552
19.66046198	47.07525495	1	1.82749
19.8044035	46.81206549	1	1.84047
19.95570359	46.55303744	1	1.85093
20.11438774	46.29846702	1	1.86195
20.2804285	46.04863331	1	1.86922
20.45374897	45.80379413	1	1.87766
20.63422649	45.56418193	1	1.88319
20.82169777	45.33000098	1	1.88808
21.01596424	45.10142515	1	1.89085
21.21679838	44.87859719	1	1.89496
21.42395018	44.66162913	1	1.89674
21.63715334	44.45060341	1	1.903
21.85613196	44.24557593	1	1.90747
22.08060635	44.04657932	1	1.91903
22.31029977	43.85362901	1	1.93053
22.54494454	43.66673015	1	1.94677
22.78428663	43.48588454	1	1.96647
23.02808973	43.31109845	1	1.98798
23.2761377	43.14238982	1	2.01216
23.52823543	42.97979423	1	2.04028
23.78420746	42.82336849	1	2.0676
24.04389599	42.67319334	1	2.10082
24.30715847	42.52937576	1	2.13242
24.57386345	42.39204793	1	2.17023
24.84388611	42.26136505	1	2.20548
25.11710276	42.13749962	1	2.24601
25.39338478	42.02063251	1	2.28515
25.6725931	41.91094161	1	2.32585
25.95457314	41.80858733	1	2.36667
26.23915174	41.71369782	1	2.40781
26.52613667	41.62635576	1	2.44943
26.81531939	41.54659072	1	2.49065
27.10648001	41.47437667	1	2.53092
27.39939308	41.40963336	1	2.5707
27.69383381	41.35223207	1	2.60972
27.98958321	41.30200154	1	2.64726
28.28643222	41.25873381	1	2.68239
28.58418491	41.22219046	1	2.71647
28.88266077	41.19210883	1	2.74885
29.18169625	41.16820953	1	2.77908
29.48114547	41.15020421	1	2.80736
29.78088011	41.13780426	1	2.83538
30.08078858	41.13072911	1	2.86008
30.38077451	41.12871253	1	2.88504
30.6807549	41.13150635	1	2.90786
30.98065834	41.13887776	1	2.93497
31.28042372	41.15060275	1	2.96149
31.57999946	41.16645983	1	2.99209
31.87934327	41.18622529	1	3.02134
32.17842179	41.20967139	0	3.05393
32.47721024	41.23656793	0	3.08582
32.7756915	41.26668703	0	3.11969
33.07385488	41.29980885	0	3.15454
33.37169493	41.33572486	0	3.18904
33.66921059	41.37423813	0	3.21884
33.966405	41.41515865	0	3.23871
34.263286	41.45829595	0	3.25428
34.55986698	41.5034515	0	3.26534
34.85616762	41.55041298	0	3.26577
35.15221398	41.59895298	0	3.26354
35.44803772	41.64883303	0	3.2609
35.74367441	41.69981098	0	3.25779
36.03916161	41.75164913	0	3.25464
36.33453677	41.80412249	0	3.25151
36.62983525	41.85702603	0	3.24839
36.92508878	41.91017997	0	3.24525
37.22032438	41.96343355	0	3.24211
37.51556347	42.01666772	0	3.23896
37.81082149	42.06979681	0	3.23582
38.10610778	42.12276852	0	3.23267
38.40142607	42.17556153	0	3.22953
38.69677561	42.22817942	0	3.22639
38.99215275	42.28064217	0	3.22325
39.28755256	42.33297716	0	3.22012
39.58297039	42.38521032	0	3.21728
39.87840331	42.4373581	0	3.21621
40.17385074	42.48942356	0	3.21917
40.46931432	42.54139731	0	3.22249
40.7647972	42.59326122	0	3.22582
41.06030329	42.64499273	0	3.22916
41.35583652	42.69656892	0	3.2325
41.65140036	42.74796941	0	3.23583
41.94699748	42.79917819	0	3.23916
42.24262961	42.85018441	0	3.24256
42.5382977	42.90098179	0	3.24403
42.83400213	42.95156717	0	3.24237
43.12974286	43.00193994	0	3.24189
43.42551935	43.05210224	0	3.24213
43.72133059	43.10205924	0	3.24272
44.01717507	43.15181906	0	3.24327
44.31305081	43.20139263	0	3.24379
44.6089554	43.25079376	0	3.24429
44.90488586	43.30003965	0	3.24479
45.20083856	43.34915169	0	3.24529
45.49680918	43.39815571	0	3.24578
45.79279278	43.44708125	0	3.24628
46.08878415	43.49595975	0	3.24678
46.38477823	43.54482185	0	3.24728
46.68077061	43.59369425	0	3.24778
46.97675802	43.64259671	0	3.24828
47.27273872	43.69153977	0	3.24878
47.56871253	43.74052449	0	3.24927
47.8646805	43.78954452	0	3.24977
48.16064432	43.83858957	0	3.25027
48.45660579	43.88764881	0	3.25077
48.75256638	43.93671331	0	3.25127
49.04852707	43.98577728	0	3.25177
49.34448826	44.03483818	0	3.25227
49.64044996	44.08389606	0	3.25276
49.93641194	44.13295219	0	3.25326
50.23237401	44.18200783	0	3.25376
50.52833605	44.2310636	0	3.25426
50.82429806	44.28011958	0	3.25476
51.12026005	44.32917566	0	3.25526
51.41622204	44.37823176	0	3.25576
51.71218403	44.42728786	0	3.25625
52.00814602	44.47634395	0	3.25675
52.30410802	44.52540002	0	3.25725
52.60007001	44.57445612	0	3.25775
52.89603197	44.62351237	0	3.25825
53.19199389	44.67256889	0	3.25875
53.48795583	44.72162531	0	3.25925
53.78391788	44.77068104	0	3.25974
54.07988005	44.81973605	0	3.26024
54.37584227	44.86879074	0	3.26074
54.67180482	44.91784345	0	3.26124
54.96776868	44.96688829	0	3.26174
55.26373528	45.01591653	0	3.26224
55.55970541	45.06492351	0	3.26274
55.85567723	45.11392024	0	3.26323
56.15164427	45.16294585	0	3.26373
56.44759389	45.21207649	0	3.26423
56.74350674	45.26142802	0	3.26473
57.03935776	45.31114872	0	3.26522
57.33511968	45.36139636	0	3.26572
57.63076912	45.41230143	0	3.26622
57.92629368	45.46392642	0	3.26672
58.22169861	45.51623175	1	3.26722
58.51701131	45.5690557	1	3.26772
58.81228291	45.62210919	1	3.26822
59.10758684	45.67498241	1	3.26871
59.40301433	45.72715978	1	3.2692
59.69866737	45.7780411	1	3.26967
59.99465005	45.82696398	1	3.27004
60.29105992	45.87322142	1	3.2704
60.5879798	45.91607349	1	3.27139
60.88546965	45.95475714	1	3.27326
61.18355846	45.98849738	1	3.27487
61.48223647	46.01652062	1	3.27824
61.78144859	46.03806861	1	3.28646
62.08108958	46.0524122	1	3.29793
62.38100124	46.05886623	1	3.31098
62.68097232	46.05680664	1	3.3332
62.98074157	46.04568728	1	3.31766
63.28000412	46.02505451	1	3.29361
63.57842125	45.99456156	1	3.26807
63.87563383	45.95398476	1	3.24066
64.17127923	45.90323802	1	3.20996
64.46501013	45.84237982	1	3.18023
64.7565122	45.77160784	1	3.15045
65.04551741	45.69123946	1	3.12034
65.33180977	45.60167967	1	3.09142
65.61522192	45.50337865	1	3.0638
65.89562194	45.39678345	1	3.03476
66.17289325	45.28229207	1	3.00767
66.44691384	45.16022232	1	2.98312
66.71754006	45.0308001	1	2.9566
66.98459715	44.89416462	1	2.93667
67.24787648	44.75038496	1	2.91903
67.50713821	44.5994822	1	2.90307
67.76211698	44.44145152	1	2.88887
68.01252867	44.27628077	1	2.87684
68.25807645	44.10396371	1	2.86732
68.49845519	43.92450777	1	2.86039
68.73335428	43.737938	1	2.85935
68.96246172	43.54430133	1	2.85757
69.18546961	43.34367128	1	2.85641
69.40207945	43.13615084	1	2.86238
69.61200501	42.92187183	1	2.86597
69.81497173	42.7009907	1	2.87092
70.01071257	42.47368202	1	2.881
70.19896255	42.24013247	1	2.88979
70.37945533	42.00053799	1	2.90001
70.55192447	41.7551052	1	2.91351
70.71611269	41.50405775	1	2.9312
70.87179093	41.2476465	1	2.94489
71.01878381	40.98615925	1	2.9595
71.15699419	40.7199249	1	2.98216
71.28642206	40.44931092	1	2.99838
71.40717422	40.17471415	1	3.02069
71.51946311	39.8965471	1	3.04145
71.62359576	39.61522257	1	3.06136
71.71995644	39.33113947	1	3.0851
71.80898842	39.0446724	1	3.10251
71.89117914	38.75616554	1	3.12245
71.96705011	38.46593032	1	3.13758
72.03714865	38.17424494	1	3.14945
72.10204118	37.8813554	1	3.15441
72.16230791	37.5874774	1	3.15276
72.21853769	37.29279879	1	3.15244
72.27132098	36.99748207	1	3.15243
72.321241	36.70166682	1	3.15258
72.36886531	36.40547247	1	3.15408
72.41473827	36.10900123	0	3.1554
72.45937319	35.81234065	0	3.15632
72.50324224	35.5155656	0	3.15704
72.54676352	35.21873924	0	3.15777
72.59028722	34.92191322	0	3.15852
72.6340834	34.62512731	0	3.15928
72.67833315	34.32840873	0	3.16001
72.72312575	34.03177163	0	3.16075
72.7684654	33.73521765	0	3.16149
72.81428866	33.43873799	0	3.16223
72.86048949	33.1423169	0	3.16298
72.90694686	32.84593589	0	3.16371
72.95354955	32.54957768	0	3.16445
73.00021221	32.25322891	0	3.16518
73.04688096	31.95688109	0	3.16591
73.09353089	31.66053031	0	3.16664
73.14015769	31.36417589	0	3.16737
73.18676776	31.06781884	0	3.1681
73.23336993	30.77146055	0	3.16884
73.27997073	30.47510204	0	3.16957
73.32657284	30.17874374	0	3.1703
73.37317625	29.88238564	0	3.17103
73.41978032	29.58602765	0	3.17176
73.46638465	29.2896697	0	3.1725
73.51298907	28.99331176	0	3.17323
73.55959344	28.69695381	0	3.17396
73.60619752	28.40059582	0	3.17469
73.65280116	28.10423775	0	3.17542
73.69940495	27.80787972	0	3.17616
73.7460106	27.51152197	0	3.17689
73.79262101	27.21516497	0	3.17762
73.83923901	26.91880917	0	3.17835
73.88586469	26.62245458	0	3.17908
73.93249228	26.32610028	0	3.17981
73.97910733	26.02974401	0	3.18055
74.02568668	25.73338213	0	3.18128
74.07220285	25.43701033	0	3.18201
74.11862927	25.14062446	0	3.18274
74.16494379	24.84422108	0	3.18347
74.21113039	24.54779774	0	3.1842
74.25717979	24.25135306	0	3.18494
74.30308759	23.95488642	0	3.18567
74.34885233	23.65839766	0	3.1864
74.39447609	23.36188717	0	3.18713
74.43996981	23.0653567	0	3.18786
74.48536639	22.76881135	0	3.1886
74.53073938	22.47226237	0	3.18933
74.57621668	22.17572939	0	3.19006
74.62198655	21.87924145	0	3.19074
74.66829832	21.58283774	0	3.19134
74.71545785	21.28656788	0	3.19185
74.76381714	20.99049173	0	3.19261
74.81376206	20.69467927	0	3.19287
74.86570025	20.39921075	0	3.18943
74.92005111	20.10417708	0	3.18162
74.97723914	19.80968092	0	3.16445
75.03768977	19.51583794	0	3.14041
75.10182259	19.22277752	1	3.11186
75.17004307	18.93064263	1	3.08357
75.24273468	18.63958914	1	3.06161
75.32025102	18.3497844	1	3.0385
75.40290733	18.06140465	1	3.01605
75.49097378	17.77463178	1	2.9932
75.58467209	17.48965023	1	2.97056
75.68417497	17.20664388	1	2.94812
75.78960821	16.92579359	1	2.92727
75.901054	16.647275	1	2.90434
76.01855188	16.37125541	1	2.88276
76.14209848	16.09788992	1	2.86081
76.27164894	15.82731807	1	2.84018
76.40712089	15.55966183	1	2.81706
76.54840065	15.29502494	1	2.7955
76.69535341	15.03349536	1	2.77395
76.8478379	14.77515158	1	2.75218
77.00572221	14.52007173	1	2.72843
77.16889733	14.26834342	1	2.70595
77.33728313	14.02007039	1	2.68396
77.51082485	13.77537368	1	2.65992
77.68948588	13.53438959	1	2.6349
77.87324002	13.29726651	1	2.61116
78.06206373	13.06416059	1	2.58752
78.25592967	12.83523138	1	2.56042
78.45480329	12.61063909	1	2.5341
78.65864236	12.39054393	1	2.50804
78.86739859	12.17510737	1	2.48196
79.08101948	11.96449397	1	2.45144
79.2994484	11.75887171	1	2.42376
79.52262286	11.55841057	1	2.39467
79.75047382	11.36328176	1	2.36594
79.9829247	11.17365658	1	2.33404
80.21988964	10.989704	1	2.306
80.46127137	10.81158711	1	2.27705
80.7069595	10.63945934	1	2.24766
80.95682896	10.47345999	1	2.21868
81.21073936	10.3137102	1	2.19173
81.46853546	10.16030984	1	2.16519
81.73004849	10.01333535	1	2.13825
81.99509802	9.872838247	1	2.1132
82.26349449	9.738844943	1	2.08978
82.53504196	9.611357434	1	2.06708
82.80954084	9.490354439	1	2.04499
83.08679038	9.375792864	1	2.02418
83.36659108	9.267609881	1	2.00552
83.64874687	9.165725431	1	1.98799
83.93306674	9.070044165	1	1.97101
84.21936609	8.98045774	1	1.95579
84.50746791	8.896847024	1	1.94158
84.79720348	8.819084099	1	1.92757
85.08841281	8.74703381	1	1.91393
85.38094512	8.68055592	1	1.90208
85.67465885	8.619506423	1	1.88996
85.96942153	8.563738412	1	1.87817
86.26510995	8.51310478	1	1.86746
86.56161045	8.467463383	1	1.85755
86.85881895	8.42668306	1	1.84709
87.15664059	8.390649808	1	1.83779
