87.09672109	13.34766582	1	3.01063
87.35210701	13.19025551	1	2.91004
87.61323011	13.0425576	1	2.81078
87.87969737	12.90473483	1	2.71592
88.15110296	12.77691114	1	2.62601
88.42702222	12.65914686	1	2.54057
88.7070141	12.55142318	1	2.45808
88.99062858	12.45363434	1	2.38124
89.27741464	12.36557992	1	2.30998
89.56693423	12.2869782	1	2.24143
89.85877299	12.21748016	1	2.17769
90.15255075	12.15669798	1	2.11902
90.4479326	12.10426304	1	2.06327
90.74462296	12.05982551	1	2.01131
91.04236343	12.02307651	1	1.96397
91.34092455	11.99373126	1	1.91959
91.64010039	11.97151178	1	1.8786
91.93970657	11.95614841	1	1.84186
92.23957722	11.94734523	1	1.80785
92.53956622	11.944794	1	1.77773
92.83954733	11.9481486	1	1.75148
93.13941558	11.95703493	1	1.72648
93.43908726	11.97106437	1	1.70461
93.73850003	11.98982454	1	1.6861
94.03761015	12.01291334	1	1.66916
94.33639175	12.03992306	1	1.65201
94.63483298	12.07046484	1	1.64012
94.93293419	12.10416428	1	1.62814
95.23070524	12.1406661	1	1.62097
95.52816105	12.17965366	1	1.61277
95.8253229	12.2208219	1	1.60542
96.12221228	12.26391119	1	1.59983
96.41885145	12.30869063	1	1.5958
96.71526659	12.3549298	1	1.59326
97.01148719	12.40239933	1	1.59194
97.30755083	12.45083813	1	1.5917
97.60349768	12.49998548	1	1.59225
97.89936959	12.54958199	1	1.59323
98.19520589	12.59939045	1	1.59438
98.49103894	12.64921819	1	1.59546
98.78689363	12.6989173	1	1.5964
99.08278304	12.74840933	1	1.59715
99.37871074	12.79767184	0	1.59768
99.67467558	12.84671072	0	1.598
99.97067259	12.89555509	0	1.5981
100.2666965	12.94423614	0	1.59805
100.5627408	12.99279286	0	1.59787
100.858799	13.04126526	0	1.5976
101.1548656	13.08968614	0	1.5973
101.4509358	13.13808436	0	1.59698
101.7470072	13.186476	0	1.59666
102.0430783	13.23486922	0	1.59634
102.3391486	13.28326758	0	1.59602
102.6352183	13.33166911	0	1.5957
102.9312878	13.3800718	0	1.59538
103.2273574	13.4284745	0	1.59506
103.523427	13.47687677	0	1.59474
103.8194967	13.52527883	0	1.59442
104.1155663	13.57368088	0	1.5941
104.411636	13.62208302	0	1.59378
104.7077056	13.67048521	0	1.59346
105.0037752	13.7188874	0	1.59314
105.2998449	13.76728958	0	1.59282
105.5959145	13.81569176	0	1.5925
105.8919841	13.86409393	0	1.59218
106.1880538	13.91249611	0	1.59186
106.4841234	13.96089828	0	1.59154
106.7801931	14.00930046	0	1.59122
107.0762627	14.05770264	0	1.5909
107.3723323	14.10610482	0	1.59057
107.668402	14.154507	0	1.59025
107.9644716	14.20290919	0	1.58993
108.2605412	14.25131137	0	1.58961
108.5566109	14.29971355	0	1.58929
108.8526805	14.34811573	0	1.58897
109.1487501	14.39651791	0	1.58865
109.4448198	14.44492009	0	1.58833
109.7408894	14.49332226	0	1.58801
110.036959	14.54172444	0	1.58769
110.3330287	14.59012661	0	1.58737
110.6290983	14.63852879	0	1.58705
110.925168	14.68693097	0	1.58673
111.2212376	14.73533315	0	1.58641
111.5173072	14.78373532	0	1.58609
111.8133769	14.8321375	0	1.58577
112.1094465	14.88053968	0	1.58545
112.4055161	14.92894186	0	1.58513
112.7015858	14.97734404	0	1.58481
112.9976554	15.02574622	0	1.58449
113.293725	15.0741484	0	1.58417
113.5897947	15.12255057	0	1.58385
113.8858643	15.17095275	0	1.58353
114.1819339	15.21935493	0	1.58321
114.4780036	15.26775711	0	1.58289
114.7740732	15.31615934	0	1.58257
115.0701428	15.36456165	0	1.58225
115.3662125	15.41296384	0	1.58193
115.6622822	15.46136559	0	1.58161
115.9583521	15.50976598	0	1.58129
116.2544222	15.55816522	0	1.58097
116.5504922	15.60656545	0	1.58064
116.8465609	15.65497306	0	1.58032
117.1426276	15.70339329	0	1.58
117.4386913	15.75183158	0	1.5797
117.734753	15.8002822	0	1.57933
118.0308159	15.84872554	0	1.57896
118.3268827	15.89714542	0	1.57861
118.6229595	15.94550356	0	1.57833
118.9190594	15.99372046	0	1.57795
119.2151992	16.04169151	0	1.57722
119.5113962	16.08930788	0	1.57625
119.8076664	16.13646653	0	1.5748
120.1040193	16.18310296	0	1.57273
120.4004544	16.22921417	1	1.57008
120.6969598	16.27487109	1	1.56696
120.9935114	16.32022669	1	1.56351
121.290068	16.36555019	1	1.56006
121.5865783	16.41117508	1	1.55691
121.8829818	16.45748896	1	1.55446
122.1792067	16.50493169	1	1.55312
122.4751663	16.55400209	1	1.55348
122.7707611	16.60522373	1	1.55599
123.0658721	16.65916314	1	1.56127
123.3603578	16.71641843	1	1.57138
123.6540495	16.77761608	1	1.58685
123.946751	16.84338642	1	1.58935
124.2382275	16.91438885	1	1.59015
124.5282033	16.9912911	1	1.59233
124.8163559	17.07476537	1	1.59381
125.1023139	17.16547303	1	1.59478
125.385646	17.26407678	1	1.59614
125.6658667	17.37120336	1	1.59512
125.942435	17.48743465	1	1.59554
126.2147545	17.61329869	1	1.59236
126.4821785	17.74925448	1	1.59117
126.7440214	17.89567102	1	1.58622
126.9995593	18.05283266	1	1.58295
127.2480479	18.22091822	1	1.57758
127.4887304	18.40000235	1	1.57151
127.7208348	18.5900724	1	1.56776
127.9435707	18.79103923	1	1.558
128.156144	19.00272637	1	1.55843
128.3577673	19.22486751	1	1.54667
128.54768	19.45709952	1	1.55045
128.7251676	19.69896	1	1.54153
128.8896009	19.94987802	1	1.54342
129.0404608	20.2091835	1	1.54064
129.1773924	20.47610615	1	1.53714
129.300188	20.74981982	1	1.53838
129.4088185	21.02945775	1	1.53084
129.5034054	21.31415287	1	1.5356
129.5842191	21.60305983	1	1.52806
129.6516027	21.89539124	1	1.534
129.7059891	22.19041742	1	1.52949
129.7478857	22.48747492	1	1.535
129.7779094	22.78596648	1	1.53371
129.7967451	23.0853726	1	1.53824
129.8051908	23.385252	1	1.53861
129.8041133	23.68524869	1	1.54331
129.7944691	23.98509255	1	1.54498
129.7772215	24.28459551	1	1.55084
129.7533465	24.58364336	1	1.55361
129.723737	24.88217813	1	1.56105
129.6892291	25.18018654	1	1.56541
129.6505918	25.47768786	1	1.57341
129.6085507	25.77472735	1	1.57961
129.5637453	26.07136252	1	1.57672
129.5167664	26.36766128	1	1.56176
129.4681477	26.6636954	1	1.55174
129.418368	26.95953654	1	1.54924
129.3678384	27.25525051	1	1.55028
129.3169343	27.55090026	1	1.55374
129.2661174	27.84656501	1	1.55814
129.2153499	28.14223824	1	1.56252
129.1648601	28.43795902	1	1.56666
129.1149235	28.73377362	0	1.57023
129.0657317	29.0297129	0	1.5731
129.0173891	29.32579203	0	1.57412
128.9698852	29.6220069	0	1.5728
128.923103	29.91833667	0	1.5722
128.8768342	30.21474713	0	1.57217
128.8308402	30.51120041	0	1.57257
128.7851384	30.80769885	0	1.57323
128.7395456	31.1042141	0	1.57391
128.6938762	31.40071755	0	1.57429
128.648058	31.69719806	0	1.57419
128.6020711	31.99365244	0	1.57414
128.5559399	32.2900844	0	1.5741
128.5097231	32.58650303	0	1.57402
128.4634899	32.8829191	0	1.57393
128.417277	33.17933835	0	1.57384
128.3710885	33.47576141	0	1.57376
128.3249083	33.77218575	0	1.57367
128.278726	34.06860975	0	1.57358
128.2325426	34.36503359	0	1.57349
128.1863594	34.66145746	0	1.5734
128.1401764	34.95788137	0	1.57332
128.0939934	35.25430527	0	1.57323
128.0478102	35.55072914	0	1.57314
128.0016268	35.84715299	0	1.57305
127.9554433	36.14357682	0	1.57296
127.9092598	36.44000064	0	1.57288
127.8630764	36.73642447	0	1.57279
127.8168929	37.0328483	0	1.5727
127.7707095	37.32927214	0	1.57261
127.724526	37.62569597	0	1.57252
127.6783425	37.9221198	0	1.57244
127.6321591	38.21854364	0	1.57235
127.5859756	38.51496747	0	1.57226
127.5397922	38.8113913	0	1.57217
127.4936087	39.10781513	0	1.57208
127.4474253	39.40423897	0	1.572
127.4012418	39.7006628	0	1.57191
127.3550584	39.99708663	0	1.57182
127.3088749	40.29351047	0	1.57173
127.2626915	40.5899343	0	1.57164
127.216508	40.88635813	0	1.57155
127.1703246	41.18278196	0	1.57147
127.1241411	41.4792058	0	1.57138
127.0779577	41.77562963	0	1.57129
127.0317742	42.07205346	0	1.5712
126.9855908	42.3684773	0	1.57111
126.9394073	42.66490113	0	1.57103
126.8932238	42.96132496	0	1.57094
126.8470404	43.25774879	0	1.57085
126.8008569	43.55417263	0	1.57076
126.7546735	43.85059646	0	1.57067
126.70849	44.14702029	0	1.57059
126.6623066	44.44344412	0	1.5705
126.6161231	44.73986796	0	1.57041
126.5699397	45.03629179	0	1.57032
126.5237562	45.33271562	0	1.57023
126.4775727	45.62913945	0	1.57014
126.4313893	45.92556329	0	1.57006
126.3852058	46.22198712	0	1.56997
126.3390224	46.51841095	0	1.56988
126.2928389	46.81483478	0	1.56979
126.2466555	47.11125862	0	1.5697
126.200472	47.40768245	0	1.56962
126.1542886	47.70410628	0	1.56953
126.1081051	48.00053011	0	1.56944
126.0619217	48.29695395	0	1.56935
126.0157382	48.59337778	0	1.56926
125.9695548	48.88980161	0	1.56918
125.9233713	49.18622545	0	1.56909
125.8771879	49.48264928	0	1.569
125.8310044	49.77907311	0	1.56891
125.7848209	50.07549695	0	1.56882
125.7386375	50.37192078	0	1.56873
125.692454	50.66834461	0	1.56865
125.6462706	50.96476844	0	1.56856
125.6000871	51.26119228	0	1.56847
125.5539037	51.55761611	0	1.56838
125.5077202	51.85403994	0	1.56829
125.4615368	52.15046378	0	1.56821
125.4153533	52.44688761	0	1.56812
125.3691699	52.74331144	0	1.56803
125.3229864	53.03973527	0	1.56794
125.276803	53.33615911	0	1.56785
125.2306195	53.63258294	0	1.56776
125.1844361	53.92900677	0	1.56768
125.1382526	54.2254306	0	1.56759
125.0920691	54.52185444	0	1.5675
125.0458857	54.81827827	0	1.56741
124.9997022	55.1147021	0	1.56732
124.9535188	55.41112593	0	1.56724
124.9073353	55.70754977	0	1.56715
124.8611519	56.0039736	0	1.56706
124.8149684	56.30039743	0	1.56697
124.768785	56.59682126	0	1.56688
124.7226015	56.8932451	0	1.5668
124.676418	57.18966893	0	1.56671
124.6302346	57.48609276	0	1.56662
124.5840511	57.78251659	0	1.56653
124.5378677	58.07894043	0	1.56644
124.4916842	58.37536426	0	1.56635
124.4455008	58.67178809	0	1.56627
124.3993173	58.96821193	0	1.56618
124.3531339	59.26463576	0	1.56609
124.3069504	59.56105959	0	1.566
124.260767	59.85748342	0	1.56591
124.2145835	60.15390726	0	1.56583
124.1684001	60.45033109	0	1.56574
124.1222166	60.74675492	0	1.56565
124.0760332	61.04317876	0	1.56556
124.0298497	61.33960259	0	1.56547
123.9836663	61.63602642	0	1.56539
123.9374828	61.93245026	0	1.5653
123.8912994	62.22887409	0	1.56521
123.8451159	62.52529792	0	1.56512
123.7989324	62.82172175	0	1.56503
123.752749	63.11814558	0	1.56494
123.7065655	63.41456942	0	1.56486
123.6603821	63.71099325	0	1.56477
123.6141986	64.00741708	0	1.56468
123.5680152	64.30384091	0	1.56459
123.5218317	64.60026475	0	1.5645
123.4756482	64.89668858	0	1.56442
123.4294648	65.19311241	0	1.56433
123.3832813	65.48953624	0	1.56424
123.3370979	65.78596008	0	1.56415
123.2909144	66.08238391	0	1.56406
123.244731	66.37880774	0	1.56397
123.1985475	66.67523157	0	1.56389
123.1523641	66.97165541	0	1.5638
123.1061806	67.26807924	0	1.56371
123.0599972	67.56450307	0	1.56362
123.0138137	67.86092691	0	1.56353
122.9676303	68.15735074	0	1.56345
122.9214468	68.45377457	0	1.56336
122.8752634	68.75019841	0	1.56327
122.8290799	69.04662224	0	1.56318
122.7828965	69.34304607	0	1.56309
122.736713	69.6394699	0	1.56301
122.6905296	69.93589374	0	1.56292
122.6443461	70.23231757	0	1.56283
122.5981626	70.5287414	0	1.56274
122.5519792	70.82516524	0	1.56265
122.5057957	71.12158907	0	1.56256
122.4596123	71.4180129	0	1.56248
122.4134288	71.71443673	0	1.56239
122.3672454	72.01086057	0	1.5623
122.3210619	72.3072844	0	1.56221
122.2748785	72.60370823	0	1.56212
122.228695	72.90013207	0	1.56204
122.1825116	73.1965559	0	1.56195
122.1363281	73.49297973	0	1.56186
122.0901447	73.78940356	0	1.56177
122.0439612	74.0858274	0	1.56168
121.9977777	74.38225123	0	1.5616
121.9515943	74.67867506	0	1.56151
121.9054108	74.97509889	0	1.56142
121.8592274	75.27152273	0	1.56133
121.8130439	75.56794656	0	1.56124
121.7668605	75.86437039	0	1.56115
121.720677	76.16079422	0	1.56107
121.6744936	76.45721806	0	1.56098
121.6283101	76.75364189	0	1.56089
121.5821266	77.05006572	0	1.5608
121.5359432	77.34648955	0	1.56071
121.4897597	77.64291339	0	1.56063
121.4435763	77.93933722	0	1.56054
121.3973928	78.23576105	0	1.56045
121.3512094	78.53218489	0	1.56036
121.3050259	78.82860872	0	1.56027
121.2588425	79.12503255	0	1.56019
121.212659	79.42145638	0	1.5601
121.1664756	79.71788022	0	1.56001
121.1202921	80.01430405	0	1.55992
121.0741087	80.31072788	0	1.55983
121.0279252	80.60715171	0	1.55974
120.9817418	80.90357555	0	1.55966
120.9355583	81.19999938	0	1.55957
120.8893748	81.49642321	0	1.55948
120.8431914	81.79284705	0	1.55939
120.7970079	82.08927088	0	1.5593
120.7508245	82.38569471	0	1.55922
120.704641	82.68211854	0	1.55913
120.6584576	82.97854238	0	1.55904
120.6122741	83.27496621	0	1.55895
120.5660907	83.57139004	0	1.55886
120.5199072	83.86781387	0	1.55877
120.4737238	84.16423771	0	1.55869
120.4275403	84.46066154	0	1.5586
120.3813569	84.75708537	0	1.55851
120.3351734	85.0535092	0	1.55842
120.2889899	85.34993304	0	1.55833
120.2428065	85.64635687	0	1.55825
120.196623	85.9427807	0	1.55816
120.1504396	86.23920453	0	1.55807
120.1042561	86.53562837	0	1.55798
120.0580727	86.8320522	0	1.55789
120.0118892	87.12847603	0	1.55781
119.9657058	87.42489987	0	1.55772
119.9195223	87.7213237	0	1.55763
119.8733389	88.01774753	0	1.55754
119.8271554	88.31417137	0	1.55745
119.780972	88.6105952	0	1.55736
119.7347885	88.90701903	0	1.55728
119.688605	89.20344286	0	1.55719
119.6424216	89.49986669	0	1.5571
119.5962381	89.79629052	0	1.55701
119.5500546	90.09271435	0	1.55692
119.5038711	90.38913818	0	1.55684
119.4576877	90.68556201	0	1.55675
119.4115042	90.98198584	0	1.55666
119.3653208	91.27840967	0	1.55657
119.3191373	91.57483351	0	1.55648
119.2729538	91.87125734	0	1.5564
119.2267704	92.16768117	0	1.55631
119.1805869	92.464105	0	1.55622
119.1344035	92.76052884	0	1.55613
119.08822	93.05695267	0	1.55604
119.0420366	93.3533765	0	1.55595
118.9958531	93.64980033	0	1.55587
118.9496697	93.94622417	0	1.55578
118.9034862	94.242648	0	1.55569
118.8573028	94.53907183	0	1.5556
118.8111193	94.83549567	0	1.55551
118.7649359	95.1319195	0	1.55543
118.7187524	95.42834334	0	1.55534
118.672569	95.72476717	0	1.55525
118.6263855	96.021191	0	1.55516
118.5802021	96.31761484	0	1.55507
118.5340186	96.61403867	0	1.55498
118.4878352	96.9104625	0	1.5549
118.4416517	97.20688634	0	1.55481
118.3954683	97.50331017	0	1.55472
118.3492848	97.799734	0	1.55463
118.3031013	98.09615783	0	1.55454
118.2569179	98.39258166	0	1.55446
118.2107344	98.68900549	0	1.55437
118.164551	98.98542933	0	1.55428
118.1183675	99.28185316	0	1.55419
118.0721841	99.57827699	0	1.5541
118.0260006	99.87470082	0	1.55402
117.9798171	100.1711247	0	1.55393
117.9336337	100.4675485	0	1.55384
117.8874502	100.7639723	0	1.55375
117.8412668	101.0603962	0	1.55366
117.7950833	101.35682	0	1.55357
117.7488999	101.6532438	0	1.55349
117.7027164	101.9496677	0	1.5534
117.656533	102.2460915	0	1.55331
117.6103495	102.5425153	0	1.55322
117.564166	102.8389391	0	1.55313
117.5179826	103.135363	0	1.55305
117.4717991	103.4317868	0	1.55296
117.4256157	103.7282106	0	1.55287
117.3794322	104.0246345	0	1.55278
117.3332487	104.3210583	0	1.55269
117.2870653	104.6174821	0	1.55261
117.2408818	104.913906	0	1.55252
117.1946984	105.2103298	0	1.55243
117.1485149	105.5067536	0	1.55234
117.1023315	105.8031775	0	1.55225
117.056148	106.0996013	0	1.55216
117.0099646	106.3960251	0	1.55208
116.9637811	106.692449	0	1.55199
116.9175977	106.9888728	0	1.5519
116.8714142	107.2852966	0	1.55181
116.8252307	107.5817205	0	1.55172
116.7790473	107.8781443	0	1.55164
116.7328638	108.1745681	0	1.55155
116.6866804	108.470992	0	1.55146
116.6404969	108.7674158	0	1.55137
116.5943135	109.0638396	0	1.55128
116.54813	109.3602635	0	1.55119
116.5019466	109.6566873	0	1.55111
116.4557631	109.9531111	0	1.55102
116.4095796	110.249535	0	1.55093
116.3633962	110.5459588	0	1.55084
116.3172127	110.8423826	0	1.55075
116.2710293	111.1388065	0	1.55067
116.2248458	111.4352303	0	1.55058
116.1786624	111.7316541	0	1.55049
116.1324789	112.028078	0	1.5504
116.0862955	112.3245018	0	1.55031
116.040112	112.6209256	0	1.55023
115.9939286	112.9173495	0	1.55014
115.9477451	113.2137733	0	1.55005
115.9015616	113.5101971	0	1.54996
115.8553782	113.8066209	0	1.54987
115.8091947	114.1030448	0	1.54978
115.7630113	114.3994686	0	1.5497
115.7168278	114.6958924	0	1.54961
115.6706444	114.9923163	0	1.54952
115.6244609	115.2887401	0	1.54943
115.5782774	115.5851639	0	1.54934
115.532094	115.8815878	0	1.54926
115.4859105	116.1780116	0	1.54917
115.4397271	116.4744354	0	1.54908
115.3935436	116.7708593	0	1.54899
115.3473602	117.0672831	0	1.5489
115.3011767	117.3637069	0	1.54882
115.2549932	117.6601308	0	1.54873
115.2088098	117.9565546	0	1.54864
115.1626263	118.2529784	0	1.54855
115.1164429	118.5494023	0	1.54846
115.0702594	118.8458261	0	1.54837
115.024076	119.1422499	0	1.54829
114.9778925	119.4386738	0	1.5482
114.9317091	119.7350976	0	1.54811
114.8855256	120.0315214	0	1.54802
114.8393421	120.3279453	0	1.54793
114.7931587	120.6243691	0	1.54785
114.7469752	120.9207929	0	1.54776
114.7007918	121.2172168	0	1.54767
114.6546083	121.5136406	0	1.54758
114.6084249	121.8100644	0	1.54749
114.5622414	122.1064882	0	1.5474
114.5160579	122.4029121	0	1.54732
114.4698745	122.6993359	0	1.54723
114.423691	122.9957597	0	1.54714
114.3775076	123.2921836	0	1.54705
114.3313241	123.5886074	0	1.54696
114.2851407	123.8850312	0	1.54688
114.2389572	124.1814551	0	1.54679
114.1927738	124.4778789	0	1.5467
114.1465903	124.7743027	0	1.54661
114.1004068	125.0707266	0	1.54652
114.0542234	125.3671504	0	1.54644
114.0080399	125.6635742	0	1.54635
113.9618565	125.9599981	0	1.54626
113.915673	126.2564219	0	1.54617
113.8694897	126.5528457	0	1.54608
113.8233062	126.8492696	0	1.54599
113.7771214	127.1456932	0	1.54591
113.7309359	127.4421167	0	1.54582
113.6847555	127.738541	0	1.54573
113.6385816	128.0349664	0	1.54564
113.5924072	128.3313916	0	1.54555
113.546221	128.627815	0	1.54549
113.50001	128.9242345	0	1.54543
113.4537744	129.2206502	0	1.54531
113.4075357	129.5170655	0	1.54516
113.3613379	129.813487	0	1.54504
113.3152494	130.1099257	0	1.54503
113.2693675	130.4063963	0	1.54469
113.223818	130.7029182	0	1.54388
113.1787091	130.9995073	0	1.54261
113.134131	131.2961767	0	1.54077
113.0901368	131.5929332	0	1.53829
113.0467544	131.8897798	1	1.53518
113.003938	132.1867086	1	1.53161
112.9615803	132.4837032	1	1.52757
112.919485	132.7807351	1	1.52338
112.8773692	133.0777642	1	1.5193
112.8348136	133.3747304	1	1.51598
112.7912559	133.6715509	1	1.51411
112.7459696	133.9681117	1	1.51442
112.6980912	134.2642634	1	1.5169
112.6466225	134.5598096	1	1.52267
112.5904593	134.8544959	1	1.53091
112.528393	135.1479901	1	1.54162
112.4591644	135.439871	1	1.55678
112.3814784	135.7296066	1	1.57336
112.2940237	136.016534	1	1.58054
112.1954989	136.299838	1	1.58763
112.0846228	136.5785243	1	1.5872
111.9601607	136.8513956	1	1.59797
111.8210105	137.1170567	1	1.59401
111.6662936	137.373942	1	1.60419
111.4954279	137.6203595	1	1.60049
111.3082019	137.854568	1	1.59824
111.1048011	138.0748582	1	1.59748
110.8858146	138.2796499	1	1.5803
110.6521926	138.4675677	1	1.58103
110.4051934	138.6375215	1	1.56579
110.1462767	138.7887082	1	1.55101
109.8770347	138.9206495	1	1.55451
109.5991336	139.0332442	1	1.53896
109.3142353	139.1267749	1	1.53981
109.0239176	139.2018768	1	1.5454
108.7296131	139.2594948	1	1.53971
108.4325662	139.3008283	1	1.55528
108.1338055	139.3272315	1	1.55972
107.8341432	139.3401233	1	1.57529
107.5341923	139.3409134	1	1.58831
107.2343944	139.3309793	1	1.60451
106.9350471	139.311641	1	1.6162
106.6363303	139.2841559	1	1.6194
106.3383308	139.2497048	1	1.62022
106.0410623	139.2093947	1	1.62066
105.7444842	139.1642613	1	1.6189
105.44852	139.1152474	1	1.61925
105.1530743	139.0631887	1	1.62061
104.8580459	139.0088077	1	1.62329
104.5633354	138.9527255	0	1.62673
104.2688513	138.8954641	0	1.63059
103.9745138	138.8374523	0	1.63435
103.6802569	138.7790329	0	1.63783
103.3860285	138.7204698	0	1.64075
103.0917912	138.6619513	0	1.64313
102.7975224	138.6035913	0	1.64477
102.5032159	138.5454223	0	1.64575
102.2088765	138.4874192	0	1.6458
101.9145181	138.4295133	0	1.64528
101.6201551	138.3716301	0	1.64507
101.3258012	138.3137011	0	1.64496
101.0314624	138.2556955	0	1.64473
100.7371367	138.1976231	0	1.64444
100.4428143	138.1395345	0	1.64408
100.14848	138.0815056	0	1.64373
99.85411615	138.0236273	0	1.6434
99.55970477	137.9659911	0	1.64309
99.26523079	137.9086758	0	1.64279
98.97068188	137.8517469	0	1.64249
98.67604717	137.7952638	0	1.64219
98.38131658	137.7392833	0	1.64188
98.08648112	137.6838578	0	1.64158
97.79153314	137.6290344	0	1.64128
97.49646659	137.5748529	0	1.64098
97.20127711	137.5213454	0	1.64068
96.90596199	137.4685356	0	1.64037
96.61052022	137.4164391	0	1.64003
96.31495247	137.3650622	0	1.63966
96.01926118	137.3144011	0	1.63927
95.72345046	137.264442	0	1.63889
95.42752628	137.2151594	0	1.63851
95.13149643	137.1665154	0	1.63814
94.83537048	137.1184597	0	1.63791
94.53915958	137.0709303	0	1.63798
94.24287655	137.0238524	0	1.63726
93.94653416	136.9771495	0	1.63605
93.6501422	136.9307622	0	1.63464
93.35370502	136.8846647	0	1.63309
93.0572208	136.8388707	0	1.63148
92.76068323	136.7934236	0	1.62991
92.46408506	136.7483738	0	1.62848
92.16742253	136.7037498	0	1.62732
91.87069929	136.6595312	0	1.62662
91.57392933	136.615627	0	1.62655
91.27713857	136.5718635	0	1.62778
90.98036365	136.5279929	0	1.63128
90.68364945	136.4837139	1	1.64245
90.38704688	136.4386944	1	1.64838
90.09061044	136.3925954	1	1.65536
89.7944023	136.3450538	1	1.66256
89.49849156	136.2956977	1	1.67267
89.20295774	136.2441363	1	1.66846
88.90789587	136.1899436	1	1.66371
88.61342087	136.1326528	1	1.61872
88.31967134	136.0717575	1	1.5213
88.02681211	136.0067219	1	1.48231
87.73503438	135.9370013	1	1.48295
87.44455226	135.8620721	1	1.48667
87.15559516	135.7814668	1	1.49181
86.86838688	135.6948391	1	1.49878
86.58314768	135.6019345	1	1.50839
86.30007633	135.50262	1	1.51886
86.01933546	135.3968949	1	1.532
85.74104091	135.2848854	1	1.5473
85.46525214	135.1668365	1	1.56451
85.19196609	135.0430997	1	1.5851
84.92111638	134.914113	1	1.60773
84.65257945	134.7803744	1	1.63359
84.38618816	134.6424088	1	1.66324
84.12174953	134.5007345	1	1.69509
83.85906116	134.3558394	1	1.73132
83.59793914	134.2081397	1	1.77107
83.33816389	134.0580841	1	1.81421
83.07953991	133.9060528	1	1.86216
82.82187424	133.7524029	1	1.91305
82.56497182	133.5974801	1	1.96835
82.30863691	133.4416199	1	2.02822
82.05267967	133.2851402	1	2.0908
81.79692743	133.1283257	1	2.15818
81.54123785	132.9714091	1	2.22899
81.28550975	132.8145552	1	2.30296
81.02968815	132.6578539	1	2.38127
80.77376297	132.5013218	1	2.44722
80.51776231	132.3449131	1	2.50201
80.26174144	132.1885376	1	2.55217
80.00576886	132.032083	1	2.61361
79.74991157	131.87544	1	2.67396
79.49422302	131.7185217	1	2.73966
79.23873689	131.5612741	1	2.80939
78.98346719	131.4036754	1	2.87984
78.72841196	131.2457299	1	2.9578
78.47355778	131.0874601	1	3.03399
78.21888378	130.9289006	1	3.11855
77.96436486	130.7700922	1	3.20112
77.70997387	130.6110789	1	3.2908
77.45568267	130.4519061	1	3.37961
77.20146255	130.2926198	1	3.4734
76.94728459	130.1332662	1	3.56738
76.69312003	129.9738913	1	3.6649
76.43894057	129.8145401	1	3.6649
76.18471865	129.6552566	1	3.76302
75.93042771	129.4960834	1	3.86368
75.67604238	129.3370611	1	3.96486
75.42153107	129.1782405	1	4.06781
75.16687555	129.0196512	1	4.17106
74.91205481	128.8613276	1	4.27506
74.6570484	128.7033032	1	4.37908
74.40183779	128.5456088	1	4.48276
74.14640499	128.3882746	1	4.58542
73.89072971	128.2313348	1	4.65993
73.63479289	128.0748219	1	4.72531
73.37857589	127.9187682	1	4.78868
73.12206027	127.7632057	1	4.85048
72.86522767	127.6081672	1	4.91021
72.60805949	127.4536859	1	4.96828
72.3505365	127.2997968	1	5.02453
72.09263828	127.1465373	1	5.07901
71.83431899	126.9939886	1	5.13171
71.57558221	126.8421493	1	5.18272
71.31641119	126.6910524	1	5.23192
71.05679778	126.5407169	1	5.27935
70.79673224	126.3911651	1	5.32512
70.53619007	126.2424454	1	5.36883
70.27515237	126.0945972	1	5.4112
70.01361331	125.9476376	1	5.4512
69.75157286	125.801574	1	5.49002
69.48903801	125.6564008	1	5.52649
69.22602575	125.5120942	1	5.56144
68.96256484	125.3686081	1	5.62483
68.69869239	125.2258802	1	5.65359
68.43444612	125.0838454	1	5.67986
68.16985585	124.9424524	1	5.7048
67.90496493	124.8016236	1	5.72696
67.63978762	124.6613347	1	5.76687
67.37432234	124.5215917	1	5.7852
67.10854963	124.3824342	1	5.80057
66.84243461	124.2439327	1	5.81628
66.57594403	124.1061552	1	5.82885
66.30901483	123.9692299	1	5.8469
66.04151186	123.8334296	1	5.8554
65.7733221	123.6989913	1	5.86465
65.50430996	123.5662071	1	5.87475
65.23434885	123.4353635	1	5.89577
64.9634221	123.3065302	1	5.90733
64.69096647	123.1809664	1	5.92005
64.41675172	123.059295	1	5.93303
64.14093898	122.94129	1	5.958
63.86333323	122.827577	1	5.96977
63.58349066	122.7194841	1	5.9793
63.30162433	122.616793	1	6.00143
63.01740941	122.5208092	1	6.01103
62.73080136	122.4322083	1	6.02065
62.44228433	122.3500666	1	6.04061
62.15153474	122.2762077	1	6.05005
61.85890405	122.2101643	1	6.06883
61.56475546	122.1512802	1	6.07562
61.26895428	122.1013103	1	6.09085
60.97223872	122.0571271	1	6.09386
60.67446844	122.0207336	1	6.10468
60.37591436	121.9913698	1	6.10722
60.07691099	121.9670378	1	6.11284
59.77746893	121.9488826	1	6.11569
59.47776452	121.9356703	1	6.11583
59.17789835	121.9269023	1	6.11839
58.87793778	121.922348	1	6.11498
58.57794318	121.9207684	1	6.11562
58.27794549	121.921695	1	6.11112
57.97796184	121.924797	1	6.10825
57.67799825	121.9294544	1	6.10469
57.37805391	121.9352272	1	6.09795
57.07812331	121.9416739	1	6.09656
56.77820706	121.9487573	1	6.09161
56.47830489	121.9564144	1	6.08848
56.17841869	121.9646705	1	6.0794
55.87855478	121.9736965	1	6.07597
55.57872172	121.9836903	1	6.07113
55.27893363	121.9949449	1	6.06876
54.97921265	122.0078558	1	6.06417
54.67958861	122.0228448	1	6.04531
54.3800854	122.0400878	1	6.01619
54.08078896	122.0605967	1	5.94949
53.78174021	122.0844285	1	5.91248
53.48298263	122.1116663	1	5.87377
53.18455255	122.142281	1	5.83358
52.8864886	122.1762852	1	5.79215
52.58890964	122.2142957	1	5.74963
52.29193523	122.2567659	1	5.66017
51.99560639	122.3035183	1	5.61492
51.6999502	122.3543592	1	5.5696
51.40498677	122.4090788	1	5.52429
51.11079795	122.4678238	1	5.47846
50.81755695	122.5311285	1	5.38518
50.52522468	122.5985001	1	5.33855
50.23376389	122.6695524	1	5.29174
49.94309694	122.7437881	1	5.24458
49.65320805	122.8210098	1	5.19521
49.36405658	122.9009524	1	5.14464
49.07563546	122.983492	1	5.09262
48.78784351	123.0681981	1	5.03864
48.50061109	123.1547835	1	4.98216
48.2138463	123.2429053	1	4.9213
47.92751918	123.3324396	1	4.85834
47.64157222	123.4231813	1	4.79376
47.35594556	123.5149269	1	4.72689
47.07057995	123.6074817	1	4.65788
46.78542596	123.7006867	1	4.58765
46.5004563	123.7944538	1	4.51528
46.21562152	123.8886299	1	4.44135
45.93086603	123.9830456	1	4.36558
45.64614101	124.077553	1	4.28057
45.36140163	124.1720172	1	4.28057
45.0766094	124.2663219	1	4.18886
44.79173194	124.3603687	1	4.09709
44.50674171	124.4540733	1	4.00704
44.22161551	124.5473631	1	3.91815
43.93633517	124.6401805	1	3.83006
43.65088746	124.7324819	1	3.74419
43.36526373	124.8242371	1	3.65926
43.07945952	124.9154287	1	3.57557
42.79347437	125.0060512	1	3.49422
42.50731182	125.096112	1	3.40858
42.22097995	125.1856331	1	3.3113
41.93449158	125.2746521	1	3.21391
41.64786623	125.3632292	1	3.11423
41.36113277	125.4514557	1	3.01668
41.07433014	125.5394571	1	2.91546
40.78750601	125.6273884	1	2.81959
40.50071258	125.7154198	1	2.71911
40.21399988	125.8037138	1	2.62588
39.92740684	125.8923954	1	2.52954
39.64095101	125.9815192	1	2.43918
39.35461893	126.0710398	1	2.34982
39.0683599	126.1607937	1	2.26341
38.78208492	126.2504968	1	2.18378
38.49567165	126.3397573	1	2.10304
38.20897474	126.4281025	1	2.03544
37.92183767	126.5150063	1	1.96431
37.63411072	126.5999362	1	1.90868
37.34567543	126.6824276	1	1.85138
37.05644805	126.7620961	1	1.80643
36.76638314	126.8386576	1	1.76392
36.47546548	126.9119104	1	1.72944
36.18369662	126.9816936	1	1.69972
35.8910816	127.0478363	1	1.67557
35.59762012	127.1101123	1	1.65635
35.30330442	127.1682117	1	1.64161
35.00812423	127.2217379	1	1.63073
34.71207743	127.2702315	1	1.62408
34.41518293	127.3132175	1	1.61963
34.11749066	127.3502621	1	1.61944
33.81908508	127.3810209	1	1.61943
33.52008139	127.4052717	1	1.62402
33.22061662	127.4229311	1	1.62665
32.92083779	127.4340561	1	1.6071
32.62088987	127.4388324	1	1.58453
32.32090549	127.4375487	1	1.56557
32.02099834	127.4305619	1	1.54895
31.72126081	127.4182591	1	1.53537
31.42176523	127.4010223	1	1.52504
31.12256767	127.3792011	1	1.54381
30.82371237	127.353098	1	1.5974
30.52523512	127.3229713	1	1.64123
30.22716411	127.2890544	0	1.66215
29.92951791	127.2515866	0	1.672
29.63230112	127.2108465	0	1.67259
29.33549917	127.1671803	0	1.67228
29.03907407	127.1210189	0	1.67124
28.74296305	127.0728782	0	1.65901
28.4470823	127.0233376	0	1.64843
28.1513365	126.9729952	0	1.6421
27.85563286	126.9224052	0	1.63742
27.55989387	126.8720225	0	1.63708
27.26406473	126.8221727	0	1.63694
26.96811517	126.7730433	0	1.63682
26.67203654	126.7246978	0	1.6365
26.37583556	126.6771074	0	1.63587
26.07952667	126.6301932	0	1.63484
25.78312478	126.58387	0	1.63484
25.48664043	126.5380773	0	1.63339
25.19007846	126.4927901	0	1.63109
24.89343962	126.4480092	0	1.62897
24.5967225	126.40375	0	1.62701
24.29992469	126.3600352	0	1.62481
24.00304404	126.3168867	0	1.62255
23.70607957	126.2743189	0	1.62035
23.40903187	126.2323358	0	1.61819
23.1119031	126.1909304	0	1.61608
22.81469681	126.150085	0	1.614
22.5174178	126.1097723	0	1.61194
22.22007175	126.0699568	0	1.60991
21.92266483	126.0305985	0	1.60786
21.62520318	125.9916559	0	1.60571
21.32769244	125.9530901	0	1.60356
21.03013764	125.9148655	0	1.60141
20.73254215	125.876959	0	1.59927
20.43490474	125.8393832	0	1.59712
20.13721804	125.8022002	0	1.59499
19.83946903	125.7655199	0	1.5929
19.54164225	125.7294771	0	1.59065
19.24372445	125.6941952	0	1.58774
18.94570923	125.659746	0	1.58384
18.64760206	125.6261013	0	1.57875
18.34942432	125.5930865	0	1.57238
18.05121555	125.5603522	0	1.56502
17.75303243	125.5273863	0	1.55697
17.45494695	125.4935533	0	1.54889
17.15704817	125.458123	0	1.54147
16.85944744	125.4202845	1	1.53563
16.56228627	125.379155	1	1.53214
16.26574519	125.3337931	1	1.53196
15.97005379	125.2832148	1	1.53598
15.67550503	125.2263893	1	1.54528
15.38247311	125.1622333	1	1.55996
15.09142592	125.089638	1	1.55058
14.80292885	125.007527	1	1.55011
14.51764334	124.9149048	1	1.54807
14.23631627	124.810906	1	1.55521
13.95975559	124.6948482	1	1.55438
13.68880306	124.5662587	1	1.57591
13.42430666	124.424878	1	1.58783
13.16709199	124.2706547	1	1.60733
12.91794456	124.1037175	1	1.62307
12.67759878	123.9243425	1	1.63456
12.44671684	123.7329398	1	1.64009
12.22585821	123.530051	1	1.64341
12.01546686	123.3163232	1	1.65993
11.81588721	123.0924615	1	1.65673
11.62739239	122.8591852	1	1.65359
11.45022619	122.6171897	1	1.65686
11.28463037	122.367132	1	1.6626
11.13086832	122.1096274	1	1.66712
10.98925881	121.8452454	1	1.66817
10.86017132	121.5745299	1	1.66735
10.74397423	121.2980375	1	1.66663
10.64097481	121.0163625	1	1.66001
10.55138764	120.7301385	1	1.65946
10.47532637	120.4400254	1	1.64835
10.41278078	120.1466985	1	1.65542
10.36357436	119.8508371	1	1.65251
10.32733419	119.5531031	1	1.64885
10.30351193	119.2541121	1	1.63513
10.29142389	118.9544096	1	1.62865
10.29026597	118.6544578	1	1.61495
10.29911503	118.3546262	1	1.61521
10.31694469	118.0551864	1	1.61785
10.34266248	117.7563134	1	1.60157
10.37514492	117.4580935	1	1.5811
10.41327886	117.1605381	1	1.56328
10.45601769	116.8636054	1	1.55118
10.5024145	116.5672193	1	1.54419
10.55162791	116.271286	1	1.54242
10.60292488	115.9757055	1	1.54361
10.65566291	115.6803779	1	1.54771
10.70926684	115.3852059	1	1.5526
10.76323596	115.0901003	1	1.55779
10.81715728	114.7949859	1	1.56269
10.87070571	114.4998038	1	1.56695
10.92364836	114.2045125	1	1.57045
10.97584606	113.9090887	1	1.57326
11.02724338	113.6135246	1	1.57536
11.07786786	113.317827	0	1.57486
11.12782466	113.0220159	0	1.57456
11.17726068	112.7261172	0	1.57488
11.22633469	112.4301582	0	1.57546
11.27520739	112.1341659	0	1.57599
11.32402582	111.8381646	0	1.57639
11.37290069	111.5421727	0	1.57669
11.42188408	111.2461986	0	1.57691
11.47096488	110.9502407	0	1.57709
11.52010069	110.654292	0	1.57726
11.5692572	110.3583466	0	1.57742
11.61841762	110.062402	0	1.57759
11.66757525	109.7664568	0	1.57775
11.71672955	109.4705111	0	1.57792
11.76588194	109.1745651	0	1.57808
11.81503335	108.8786189	0	1.57825
11.86418443	108.5826727	0	1.57841
11.91333551	108.2867265	0	1.57858
11.96248674	107.9907803	0	1.57874
12.01163811	107.6948341	0	1.57891
12.06078951	107.3988879	0	1.57908
12.10994087	107.1029417	0	1.57924
12.15909219	106.8069955	0	1.57941
12.20824351	106.5110494	0	1.57957
12.25739484	106.2151032	0	1.57974
12.30654616	105.919157	0	1.5799
12.3556975	105.6232108	0	1.58007
12.40484883	105.3272646	0	1.58023
12.45400016	105.0313184	0	1.5804
12.50315149	104.7353722	0	1.58056
12.55230282	104.439426	0	1.58073
12.60145415	104.1434798	0	1.58089
12.65060548	103.8475337	0	1.58105
12.69975681	103.5515875	0	1.58121
12.74890814	103.2556413	0	1.58138
12.79805947	102.9596951	0	1.58154
12.8472108	102.6637489	0	1.5817
12.89636213	102.3678027	0	1.58187
12.94551346	102.0718565	0	1.58203
12.9946648	101.7759103	0	1.58219
13.04381613	101.4799641	0	1.58236
13.09296746	101.184018	0	1.58252
13.14211878	100.8880718	0	1.58268
13.19127008	100.5921256	0	1.58284
13.24042136	100.2961794	0	1.58301
13.28957262	100.0002332	0	1.58317
13.33872387	99.70428697	0	1.58333
13.38787513	99.40834077	0	1.5835
13.43702641	99.11239457	0	1.58366
13.48617775	98.81644838	0	1.58382
13.53532914	98.5205022	0	1.58399
13.5844806	98.22455604	0	1.58415
13.6336321	97.92860988	0	1.58431
13.68278362	97.63266372	0	1.58448
13.73193516	97.33671756	0	1.58464
13.78108668	97.04077141	0	1.5848
13.83023817	96.74482524	0	1.58496
13.87938964	96.44887908	0	1.58513
13.92854111	96.15293291	0	1.58529
13.97769258	95.85698675	0	1.58545
14.02684407	95.56104059	0	1.58562
14.0759956	95.26509443	0	1.58578
14.12514718	94.96914828	0	1.58594
14.1742988	94.67320214	0	1.58611
14.22345047	94.37725601	0	1.58627
14.27260216	94.08130988	0	1.58643
14.32175388	93.78536376	0	1.5866
14.37090561	93.48941763	0	1.58676
14.42005733	93.19347151	0	1.58692
14.46920904	92.89752538	0	1.58709
14.51836073	92.60157925	0	1.58725
14.5675124	92.30563312	0	1.58741
14.61666403	92.00968698	0	1.58758
14.66581562	91.71374084	0	1.58774
14.71496719	91.41779469	0	1.5879
14.76411876	91.12184854	0	1.58807
14.81327032	90.82590239	0	1.58823
14.8624219	90.52995624	0	1.58839
14.91157349	90.23401009	0	1.58856
14.96072509	89.93806395	0	1.58872
15.00987667	89.6421178	0	1.58888
15.05902822	89.34617165	0	1.58905
15.10817971	89.05022549	0	1.58921
15.15733113	88.75427931	0	1.58937
15.20648248	88.45833313	0	1.58954
15.25563377	88.16238693	0	1.5897
15.30478502	87.86644073	0	1.58986
15.35393625	87.57049452	0	1.59002
15.40308749	87.27454832	0	1.59019
15.45223875	86.97860212	0	1.59035
15.50139003	86.68265592	0	1.59051
15.55054134	86.38670973	0	1.59068
15.59969267	86.09076354	0	1.59084
15.64884402	85.79481736	0	1.591
15.69799537	85.49887117	0	1.59117
15.74714671	85.20292498	0	1.59133
15.79629806	84.9069788	0	1.59149
15.8454494	84.61103261	0	1.59166
15.89460074	84.31508642	0	1.59182
15.94375208	84.01914024	0	1.59198
15.99290343	83.72319405	0	1.59214
16.04205477	83.42724786	0	1.59231
16.09120612	83.13130168	0	1.59247
16.14035747	82.83535549	0	1.59263
16.18950881	82.5394093	0	1.5928
16.23866015	82.24346312	0	1.59296
16.28781149	81.94751693	0	1.59312
16.33696283	81.65157074	0	1.59329
16.38611416	81.35562455	0	1.59345
16.4352655	81.05967837	0	1.59361
16.48441683	80.76373218	0	1.59377
16.53356817	80.46778599	0	1.59394
16.58271951	80.1718398	0	1.5941
16.63187085	79.87589361	0	1.59426
16.68102217	79.57994743	0	1.59443
16.73017349	79.28400123	0	1.59459
16.77932478	78.98805504	0	1.59475
16.82847607	78.69210884	0	1.59492
16.87762734	78.39616264	0	1.59508
16.9267786	78.10021644	0	1.59524
16.97592987	77.80427024	0	1.5954
17.02508113	77.50832404	0	1.59557
17.0742324	77.21237784	0	1.59573
17.12338366	76.91643164	0	1.59589
17.17253493	76.62048544	0	1.59606
17.22168619	76.32453924	0	1.59622
17.27083744	76.02859304	0	1.59638
17.31998869	75.73264684	0	1.59654
17.36913992	75.43670063	0	1.59671
17.41829115	75.14075443	0	1.59687
17.46744236	74.84480822	0	1.59703
17.51659356	74.54886201	0	1.5972
17.56574475	74.2529158	0	1.59736
17.61489594	73.95696958	0	1.59752
17.66404712	73.66102337	0	1.59768
17.71319832	73.36507716	0	1.59785
17.76234952	73.06913095	0	1.59801
17.81150074	72.77318474	0	1.59817
17.86065198	72.47723854	0	1.59834
17.90980326	72.18129234	0	1.5985
17.95895457	71.88534615	0	1.59866
18.00810593	71.58939996	0	1.59883
18.05725729	71.29345378	0	1.59899
18.10640863	70.99750759	0	1.59915
18.15555991	70.7015614	0	1.59931
18.20471113	70.40561519	0	1.59948
18.25386227	70.10966897	0	1.59964
18.30301336	69.81372274	0	1.5998
18.35216442	69.51777651	0	1.59997
18.40131551	69.22183028	0	1.60013
18.45046666	68.92588406	0	1.60029
18.49961789	68.62993785	0	1.60045
18.54876918	68.33399166	0	1.60062
18.59792053	68.03804547	0	1.60078
18.64707191	67.74209929	0	1.60094
18.69622331	67.44615311	0	1.60111
18.74537473	67.15020694	0	1.60127
18.79452617	66.85426077	0	1.60143
18.84367761	66.5583146	0	1.6016
18.89282907	66.26236843	0	1.60176
18.94198054	65.96642227	0	1.60192
18.99113204	65.6704761	0	1.60209
19.04028358	65.37452995	0	1.60225
19.08943516	65.0785838	0	1.60241
19.13858668	64.78263765	0	1.60258
19.18773796	64.48669145	0	1.60274
19.23688877	64.19074517	0	1.6029
19.28603918	63.89479883	0	1.60306
19.33518993	63.59885255	0	1.60323
19.38434373	63.30290677	0	1.60339
19.43350543	63.0069623	0	1.60356
19.48267682	62.71101944	0	1.60373
19.53185104	62.41507706	0	1.60392
19.58101178	62.11913243	0	1.60411
19.63013669	61.82318186	0	1.60427
19.67920984	61.5272227	0	1.60436
19.72823789	61.23125606	0	1.60436
19.77724828	60.9352865	0	1.60429
19.82627323	60.63931935	0	1.60423
19.87533765	60.34335874	1	1.6043
19.92444843	60.04740582	1	1.60452
19.97358335	59.7514569	1	1.60476
20.02268848	59.45550305	1	1.60491
20.07168854	59.15953178	1	1.60488
20.12050608	58.86353037	1	1.60461
20.16908752	58.56749013	1	1.60406
20.21742228	58.2714095	1	1.60334
20.26554328	57.97529405	1	1.60254
20.31352272	57.67915562	1	1.60227
20.36147237	57.38301236	1	1.60229
20.40953872	57.08688803	1	1.60116
20.45789918	56.79081165	1	1.59722
20.50676355	56.49481811	1	1.59348
20.5563779	56.19894953	1	1.58948
20.60702191	55.90325572	1	1.5871
20.65900177	55.60779418	1	1.58725
20.7126471	55.31263099	1	1.5911
20.76831576	55.01784338	1	1.5984
20.82639545	54.72352215	1	1.60758
20.88729564	54.42977264	1	1.61865
20.95143612	54.13671482	1	1.63158
21.01924558	53.84448563	1	1.64552
21.09116893	53.55324339	1	1.66212
21.16766765	53.26317139	1	1.68087
21.24920846	52.97447849	1	1.70123
21.33625866	52.68740138	1	1.72504
21.42928392	52.40220731	1	1.75151
21.52873366	52.11919253	1	1.78016
21.6350263	51.83867923	1	1.81293
21.74854718	51.5610158	1	1.84897
21.86965961	51.28658226	1	1.88705
21.99872154	51.01580051	1	1.92948
22.13609854	50.74914583	1	1.97613
22.2821611	50.48715353	1	2.0239
22.43727503	50.2304229	1	2.07633
22.60179189	49.97962127	1	2.13362
22.77602623	49.73547838	1	2.19373
22.96021969	49.49876712	1	2.25641
23.154516	49.27028377	1	2.32347
23.35894994	49.05083232	1	2.39458
23.57344205	48.84120851	1	2.4689
23.79779461	48.64218025	1	2.54304
24.03168863	48.45446272	1	2.61929
24.27468513	48.27869089	1	2.69641
24.5262365	48.11539817	1	2.77193
24.78570413	47.96500018	1	2.84167
25.05237794	47.82778015	1	2.90156
25.32549917	47.70388072	1	2.95053
25.60428762	47.59331016	1	2.99001
25.8879683	47.49596001	1	3.02185
26.17579239	47.41162629	1	3.04787
26.46704986	47.3400215	1	3.06971
26.76107584	47.28077353	1	3.08875
27.05725647	47.23342077	1	3.10604
27.35503617	47.19741779	1	3.12227
27.6539243	47.1721473	1	3.13778
27.95349869	47.1569296	1	3.15267
28.25340737	47.1510397	1	3.16691
28.55336715	47.15373295	1	3.179
28.85315851	47.16427325	1	3.18577
29.15261782	47.18195162	1	3.19069
29.45162974	47.20608527	1	3.19506
29.7501214	47.2360051	1	3.19888
30.04805769	47.2710497	1	3.2012
30.34543524	47.31057395	1	3.20425
30.64227656	47.35395596	1	3.20529
30.93862529	47.40059468	1	3.19821
31.23454156	47.44991084	1	3.18891
31.53009618	47.50135562	1	3.18413
31.82536457	47.5544224	1	3.18139
32.12042243	47.60864993	1	3.18106
32.41534356	47.66361767	0	3.18128
32.71019756	47.71894498	0	3.1817
33.00504643	47.77429965	0	3.182
33.29994172	47.82940618	0	3.18037
33.5949241	47.8840442	0	3.17534
33.89002326	47.93804757	0	3.17102
34.18525595	47.99131581	0	3.16748
34.48062444	48.04382588	0	3.16473
34.77611874	48.09562359	0	3.16274
35.07172159	48.14679847	0	3.16134
35.36741335	48.19745745	0	3.16035
35.66317489	48.2477076	0	3.15964
35.95898928	48.29764586	0	3.15917
36.25484313	48.34734985	0	3.15893
36.55072737	48.39687266	0	3.15889
36.8466357	48.44625138	0	3.159
37.14256148	48.49552539	0	3.15919
37.43849683	48.54474195	0	3.15942
37.73443405	48.59394725	0	3.15963
38.03036709	48.64317769	0	3.15978
38.32629221	48.69245573	0	3.15986
38.62220801	48.74178963	0	3.15989
38.9181151	48.79117582	0	3.15988
39.21401537	48.84060282	0	3.15983
39.5099113	48.89005583	0	3.15977
39.80580495	48.93952246	0	3.1597
40.10169749	48.98899572	0	3.15963
40.39758965	49.03847126	0	3.15957
40.69348195	49.08794598	0	3.1595
40.98937453	49.13741902	0	3.15943
41.28526726	49.18689113	0	3.15936
41.58116003	49.23636304	0	3.1593
41.8770528	49.28583493	0	3.15923
42.17294557	49.33530682	0	3.15916
42.46883835	49.38477871	0	3.15909
42.76473112	49.4342506	0	3.15902
43.06062389	49.4837225	0	3.15896
43.35651666	49.53319439	0	3.15889
43.65240943	49.58266628	0	3.15882
43.9483022	49.63213817	0	3.15875
44.24419497	49.68161006	0	3.15868
44.54008774	49.73108196	0	3.15862
44.83598051	49.78055385	0	3.15855
45.13187328	49.83002574	0	3.15848
45.42776605	49.87949763	0	3.15841
45.72365883	49.92896953	0	3.15835
46.0195516	49.97844142	0	3.15828
46.31544437	50.02791331	0	3.15821
46.61133714	50.0773852	0	3.15814
46.90722991	50.12685709	0	3.15807
47.20312268	50.17632899	0	3.15801
47.49901545	50.22580088	0	3.15794
47.79490822	50.27527277	0	3.15787
48.09080099	50.32474466	0	3.1578
48.38669376	50.37421656	0	3.15774
48.68258654	50.42368845	0	3.15767
48.97847931	50.47316034	0	3.1576
49.27437208	50.52263223	0	3.15753
49.57026485	50.57210412	0	3.15746
49.86615762	50.62157602	0	3.1574
50.16205039	50.67104792	0	3.15733
50.45794316	50.72051982	0	3.15726
50.75383594	50.76999166	0	3.15719
51.04972875	50.81946331	0	3.15712
51.34562159	50.86893481	0	3.15706
51.64151428	50.91840715	0	3.15699
51.9374065	50.96788233	0	3.15692
52.23329809	51.0173613	0	3.15685
52.52918948	51.06684146	0	3.15678
52.82508197	51.11631501	0	3.15671
53.12097768	51.16576935	0	3.15665
53.41687878	51.21519138	0	3.15662
53.71278658	51.2645733	0	3.15645
54.00870114	51.3139147	0	3.15621
54.3046215	51.3632213	0	3.15594
54.60054488	51.41250976	0	3.15568
54.89646472	51.46181945	0	3.15548
55.19237072	51.51121214	0	3.15536
55.48825165	51.56075467	0	3.15539
55.78409613	51.61051437	0	3.15569
56.07989171	51.66056387	0	3.15557
56.37562544	51.71097734	0	3.15434
56.67128506	51.76182352	0	3.15272
56.96686114	51.81315299	0	3.15059
57.26235067	51.86497843	0	3.14794
57.55775966	51.91726116	0	3.14484
57.85310413	51.96990733	0	3.14139
58.14841281	52.02275409	0	3.1403
58.4437305	52.07555041	0	3.14275
58.73911635	52.12796335	0	3.14538
59.03463949	52.17959499	1	3.14842
59.33037544	52.2299903	1	3.15106
59.62640145	52.27864819	1	3.15581
59.92279073	52.32503506	1	3.16324
60.21960748	52.36859373	1	3.1654
60.51690211	52.408749	1	3.14848
60.81470614	52.44491709	1	3.12948
61.11302728	52.47651704	1	3.11987
61.41184552	52.50297999	1	3.10582
61.71111008	52.52376156	1	3.10223
62.01073746	52.53836057	1	3.09689
62.31061204	52.54633575	1	3.09387
62.61058909	52.54731424	1	3.09512
62.91049969	52.54099909	1	3.09198
63.21015721	52.52717981	1	3.09704
63.50936556	52.50574015	1	3.09543
63.80792764	52.47665453	1	3.10076
64.10565248	52.43997402	1	3.1017
64.40236118	52.39581586	1	3.10537
64.69789358	52.34436385	1	3.10854
64.99211234	52.28585855	1	3.11098
65.28490417	52.220579	1	3.11577
65.57617815	52.14882348	1	3.11792
65.86586119	52.0708878	1	3.12441
66.15389332	51.9870518	1	3.12723
66.44022532	51.89757751	1	3.13465
66.72481448	51.80270266	1	3.13909
67.00761825	51.70262923	1	3.14777
67.2885936	51.59752983	1	3.15303
67.56770273	51.48756848	1	3.16263
67.84491281	51.37290245	1	3.16868
68.12019431	51.25367944	1	3.17806
68.39352319	51.13004427	1	3.18555
68.66488097	51.00213976	1	3.19571
68.93425236	50.87010217	1	3.2033
69.20162516	50.73406207	1	3.21161
69.46699087	50.5941464	1	3.22058
69.73034089	50.45047205	1	3.22873
69.99166162	50.3031385	1	3.23636
70.25093359	50.15222841	1	3.24454
70.5081302	49.99780762	1	3.2528
70.76321538	49.83992332	1	3.25952
71.01614461	49.67860779	1	3.26683
71.26686922	49.51388665	1	3.27472
71.51533812	49.34578232	1	3.28115
71.76149811	49.17431487	1	3.28768
72.00529666	48.99950618	1	3.29481
72.24668403	48.82138281	1	3.30146
72.48561132	48.63997296	1	3.30718
72.72202899	48.45530447	1	3.31146
72.95588907	48.26740763	1	3.31716
73.18714598	48.07631603	1	3.31994
73.41575386	47.88206314	1	3.32748
73.64166715	47.68468298	1	3.33211
73.86484306	47.4842129	1	3.33969
74.08524061	47.28069221	1	3.34383
74.30281835	47.07415971	1	3.34942
74.51753678	46.86465611	1	3.35613
74.72935985	46.65222552	1	3.36367
74.93825267	46.43691277	1	3.37331
75.14418042	46.21876246	1	3.38447
75.34711189	45.99782209	1	3.39627
75.54701808	45.7741407	1	3.41003
75.74386749	45.54776454	1	3.42528
75.93762494	45.31873637	1	3.44092
76.12825018	45.08709472	1	3.45841
76.31569297	44.85287052	1	3.47746
76.49988467	44.61608142	1	3.49665
76.68073299	44.37672945	1	3.51775
76.85812013	44.13480171	1	3.54076
77.03190133	43.89027156	1	3.56377
77.20191266	43.64310626	1	3.58898
77.36798309	43.39327676	1	3.61652
77.52994545	43.14076534	1	3.64464
77.68764449	42.88557027	1	3.6749
77.84094335	42.62770842	1	3.70764
77.98973812	42.36722181	1	3.74148
78.1339674	42.10417983	1	3.77686
78.27361296	41.83867574	0	3.81458
78.40869782	41.57082201	0	3.8538
78.53927366	41.30074098	0	3.89341
78.665409	41.02855723	0	3.93468
78.78718392	40.75439434	0	3.97745
78.90468709	40.47837309	0	4.01946
79.01800994	40.2006089	0	4.06244
79.12724408	39.92121098	0	4.10635
79.2324972	39.64028858	0	4.15003
79.33390743	39.35795551	0	4.19276
79.4316401	39.07432773	0	4.23555
79.5258829	38.78952059	0	4.27811
79.61683752	38.50364569	0	4.31858
79.70471182	38.21680831	0	4.3578
79.78971352	37.92910599	0	4.39621
79.87204636	37.64062806	0	4.43364
79.95190791	37.35145577	0	4.46791
80.02948087	37.06166078	0	4.50098
80.10492324	36.77130356	0	4.53278
80.17835756	36.4804318	0	4.56257
80.2498668	36.18908067	0	4.58968
80.31950022	35.89727547	0	4.61549
80.38728332	35.60503489	0	4.64008
80.4532345	35.31237541	0	4.66218
80.51738095	35.01931501	0	4.68263
80.57976906	34.72587517	0	4.70198
80.64047095	34.43208175	0	4.71984
80.699588	34.13796516	0	4.73496
80.75725298	33.84356024	0	4.74882
80.81361551	33.54890303	0	4.75836
80.86882294	33.25402706	0	4.76574
80.92300715	32.95896125	0	4.77218
80.97627564	32.66372868	0	4.77783
81.02871524	32.36834769	0	4.78269
81.08039798	32.07283329	0	4.78679
81.1313853	31.77719808	0	4.79001
81.18173524	31.48145362	0	4.78822
81.23151415	31.18561247	0	4.78866
81.28080873	30.88969019	0	4.78981
81.32971825	30.59370399	0	4.7913
81.37833966	30.2976703	0	4.79302
81.42676203	30.00160398	0	4.79491
81.47506193	29.70551764	0	4.79689
81.52330505	29.40942205	0	4.7989
81.57154819	29.11332646	0	4.80088
81.61983784	28.81723845	0	4.80279
81.66820891	28.52116373	0	4.80462
81.71668134	28.2251056	0	4.80632
81.76525921	27.92906474	0	4.80781
81.81393187	27.63303946	0	4.80922
81.86267754	27.33702618	0	4.81071
81.91146937	27.04102051	0	4.81222
81.9602814	26.74501817	0	4.81363
82.00909687	26.4490164	0	4.81505
82.05791254	26.15301466	0	4.81648
82.10673766	25.85701447	0	4.81791
82.15560138	25.56102066	0	4.8193
82.20453378	25.2650382	0	4.82064
82.25351668	24.96906409	0	4.82192
82.30246247	24.67308384	0	4.82318
82.35123099	24.37707436	0	4.8245
82.39966746	24.0810104	0	4.82627
82.44763838	23.7848707	0	4.82766
82.49505004	23.48864099	0	4.82731
82.54186807	23.19231687	0	4.82636
82.5881375	22.89590655	0	4.82504
82.6339939	22.599432	0	4.82345
82.67964456	22.30292565	0	4.82175
82.72533398	22.00642528	0	4.82018
82.77134548	21.7099748	0	4.81905
82.81802134	21.41362841	0	4.81875
82.86577768	21.11745465	0	4.82119
82.91509989	20.82153832	0	4.82586
82.96651724	20.52597982	0	4.83783
83.0205902	20.23089696	0	4.85159
83.07789891	19.9364271	0	4.84625
83.13903145	19.64272927	0	4.83337
83.2045795	19.34998765	0	4.8243
83.27512836	19.0584135	0	4.79785
83.35125094	18.76824764	0	4.76133
83.43349602	18.47976062	1	4.71838
83.52237577	18.19325153	1	4.67037
83.61835365	17.90904492	1	4.61812
83.72183214	17.62748589	1	4.5623
83.83314706	17.34893509	1	4.5034
83.95256055	17.0737616	1	4.44174
84.08026164	16.80233736	1	4.37756
84.21635252	16.53502289	1	4.31088
84.360853	16.27216044	1	4.24162
84.51374012	16.01408696	1	4.16952
84.67498177	15.76115075	1	4.0942
84.84455035	15.51372166	1	4.01521
85.02241107	15.27218647	1	3.93225
85.20851212	15.03694391	1	3.84495
85.40277822	14.80839991	1	3.75284
85.60510317	14.58696066	1	3.65519
85.81534025	14.37302062	1	3.5517
86.03328904	14.16694342	1	3.4438
86.25870633	13.96906425	1	3.33339
86.49132658	13.77970596	1	3.22299
86.7308708	13.59918756	1	3.11511
86.97703715	13.42781017	1	3.01063
