124.157449818812	71.085774588757	0	0
124.111496728515	71.382234220903	0	0
124.065542515905	71.6786936790813	0	0
124.019589270082	71.9751532871198	0	0
123.973636028894	72.2716128958768	0	0
123.927682787707	72.5680725046337	0	0
123.881729546519	72.8645321133907	0	0
123.835776305331	73.1609917221477	0	0
123.789823064143	73.4574513309047	0	0
123.743868861861	73.7539107906838	0	0
123.697915605231	74.0503703970472	0	0
123.651962364044	74.3468300058042	0	0
123.606009122856	74.6432896145612	0	0
123.560055881668	74.9397492233181	0	0
123.51410264048	75.2362088320751	0	0
123.468149399292	75.5326684408321	0	0
123.422196158105	75.8291280495891	0	0
123.376241968172	76.1255875112826	0	0
123.330288699193	76.4220471157316	0	0
123.284335458005	76.7185067244886	0	0
123.238382216817	77.0149663332456	0	0
123.192428975629	77.3114259420025	0	0
123.146475734441	77.6078855507595	0	0
123.100522493254	77.9043451595165	0	0
123.054568314128	78.2008046228851	0	0
123.008615034342	78.497264225659	0	0
122.962661793154	78.793723834416	0	0
122.916708551966	79.090183443173	0	0
122.870755310778	79.38664305193	0	0
122.824802069591	79.6831026606869	0	0
122.778848828403	79.9795622694439	0	0
122.732895587215	80.2760218782009	0	0
122.686941420439	80.5724813434839	0	0
122.640988128303	80.8689409443434	0	0
122.595034887115	81.1654005531004	0	0
122.549081645927	81.4618601618574	0	0
122.50312840474	81.7583197706144	0	0
122.457175163552	82.0547793793713	0	0
122.411221922364	82.3512389881283	0	0
122.365267766395	82.6476984550865	0	0
122.319314463452	82.9441580542709	0	0
122.273361222264	83.2406176630278	0	0
122.227407981076	83.5370772717848	0	0
122.181454739889	83.8335368805418	0	0
122.135501498701	84.1299964892987	0	0
122.089548257513	84.4264560980557	0	0
122.043595016325	84.7229157068127	0	0
121.997640872707	85.0193751756853	0	0
121.951687557413	85.3158347729552	0	0
121.905734316226	85.6122943817122	0	0
121.859781075038	85.9087539904692	0	0
121.81382783385	86.2052135992262	0	0
121.767874592662	86.5016732079831	0	0
121.721921351474	86.7981328167401	0	0
121.675967218662	87.0945922872878	0	0
121.630013892562	87.3910518828827	0	0
121.584060651375	87.6875114916396	0	0
121.538107410187	87.9839711003966	0	0
121.492154168999	88.2804307091536	0	0
121.446200927811	88.5768903179106	0	0
121.400247686623	88.8733499266676	0	0
121.354294445436	89.1698095354245	0	0
121.308340324974	89.4662690078866	0	0
121.262386986524	89.7627286015671	0	0
121.216433745336	90.0591882103241	0	0
121.170480504148	90.355647819081	0	0
121.124527398296	90.6521074488159	0	0
121.078574173142	90.9485670600583	0	0
121.032620797097	91.2450266479114	0	0
120.98666667093	91.5414861194891	0	0
120.940713456051	91.837945732324	0	0
120.894760231855	92.1344053437147	0	0
120.848806990667	92.4308649524717	0	0
120.802853749479	92.7273245612286	0	0
120.756900508291	93.0237841699856	0	0
120.710947267104	93.3202437787426	0	0
120.664994025916	93.6167033874996	0	0
120.619039928614	93.9131628635517	0	0
120.573086567004	94.2096224536421	0	0
120.527133325816	94.5060820623991	0	0
120.481180084628	94.8025416711561	0	0
120.43522684344	95.099001279913	0	0
120.389273602253	95.39546088867	0	0
120.343320361065	95.691920497427	0	0
120.29736627457	95.9883799751542	0	0
120.251412902153	96.2848395635696	0	0
120.205459660965	96.5812991723265	0	0
120.159506419777	96.8777587810835	0	0
120.11355317859	97.1742183898405	0	0
120.067599937402	97.4706779985975	0	0
120.021646696214	97.7671376073544	0	0
119.975693455026	98.0635972161114	0	0
119.929739380882	98.360056695753	0	0
119.883785996114	98.656516282254	0	0
119.837832754926	98.9529758910109	0	0
119.791879513739	99.2494354997679	0	0
119.745926272551	99.5458951085249	0	0
119.699973031363	99.8423547172819	0	0
119.654019790175	100.138814326039	0	0
119.608065726837	100.435273807356	0	0
119.562112331263	100.731733392181	0	0
119.516159090076	101.028193000938	0	0
119.470205848888	101.324652609695	0	0
119.4242526077	101.621112218452	0	0
119.378299366512	101.917571827209	0	0
119.332346125324	102.214031435966	0	0
119.286392884137	102.510491044723	0	0
119.240438833149	102.806950527954	0	0
119.194485425225	103.103410110866	0	0
119.148532184037	103.399869719623	0	0
119.102578942849	103.69632932838	0	0
119.056625701661	103.992788937137	0	0
119.010672460473	104.289248545894	0	0
118.964719219286	104.585708154651	0	0
118.918765179104	104.882167639557	0	0
118.872811760374	105.178627220793	0	0
118.826858519186	105.47508682955	0	0
118.780905277998	105.771546438307	0	0
118.73495203681	106.068006047064	0	0
118.688998795623	106.364465655821	0	0
118.643045554435	106.660925264578	0	0
118.597092313247	106.957384873335	0	0
118.551138285416	107.253844360156	0	0
118.505184854335	107.550303939478	0	0
118.459231613147	107.846763548235	0	0
118.413278371959	108.143223156992	0	0
118.367325130772	108.439682765749	0	0
118.321371889584	108.736142374506	0	0
118.275418648396	109.032601983263	0	0
118.229464631372	109.329061471758	0	0
118.183511189484	109.625521049405	0	0
118.137557948296	109.921980658162	0	0
118.091604707108	110.218440266919	0	0
118.045651465921	110.514899875676	0	0
117.999698224733	110.811359484433	0	0
117.953744983545	111.10781909319	0	0
117.907791860942	111.404278720328	0	0
117.861837770708	111.700738197476	0	0
117.815884283445	111.997197768089	0	0
117.769931160124	112.293657395116	0	0
117.72397795244	112.590117009066	0	0
117.678024593864	112.886576599627	0	0
117.632071435843	113.183036221275	0	0
117.586118228876	113.479495835337	0	0
117.540164235012	113.775955327423	0	0
117.494210769964	114.07241490148	0	0
117.448257528776	114.368874510236	0	0
117.402304287589	114.665334118993	0	0
117.356351046401	114.96179372775	0	0
117.310397805213	115.258253336507	0	0
117.264444564025	115.554712945264	0	0
117.218491322838	115.851172554021	0	0
117.172537341324	116.147632048022	0	0
117.126583863926	116.444091620164	0	0
117.080630622738	116.740551228921	0	0
117.03467738155	117.037010837678	0	0
116.988724140362	117.333470446435	0	0
116.942770899174	117.629930055192	0	0
116.896817657987	117.926389663949	0	0
116.850863687279	118.222849159624	0	0
116.804910199075	118.519308730091	0	0
116.758956957887	118.815768338848	0	0
116.713003716699	119.112227947605	0	0
116.667050475511	119.408687556362	0	0
116.621097234324	119.705147165119	0	0
116.575143993136	120.001606773876	0	0
116.529190751948	120.298066382633	0	0
116.483236793591	120.594525880223	0	0
116.437283293036	120.890985448776	0	0
116.391330051848	121.187445057533	0	0
116.34537681066	121.48390466629	0	0
116.299423569473	121.780364275047	0	0
116.253470328285	122.076823883804	0	0
116.207517087097	122.373283492561	0	0
116.161563139547	122.669742991825	0	0
116.115609628185	122.966202558703	0	0
116.069656386997	123.26266216746	0	0
116.023703145809	123.559121776217	0	0
115.977749904622	123.855581384974	0	0
115.931796663434	124.152040993731	0	0
115.885843422246	124.448500602488	0	0
115.839890181058	124.744960211245	0	0
115.793936245858	125.041419712424	0	0
115.747982722146	125.337879277388	0	0
115.702029480959	125.634338886145	0	0
115.656076239771	125.930798494902	0	0
115.610122998583	126.227258103659	0	0
115.564169757395	126.523717712415	0	0
115.518216516207	126.820177321172	0	0
115.472262591814	127.116636824027	0	0
115.426309057295	127.413096387315	0	0
115.380355816108	127.709555996072	0	0
115.33440257492	128.006015604829	0	0
115.288449333732	128.302475213586	0	0
115.242496092544	128.598934822343	0	0
115.196542851356	128.8953944311	0	0
115.150589610169	129.191854039857	0	0
115.104635698126	129.488313544626	0	0
115.058682151257	129.784773105999	0	0
115.012728910069	130.081232714756	0	0
114.966775668881	130.377692323513	0	0
114.920822427693	130.67415193227	0	0
114.87483559906	130.97083033516	0	0
114.829494012095	131.267926727203	0	0
114.784313069362	131.565127205368	0	0
114.738808173424	131.862117866619	0	0
114.692494726845	132.158584807922	0	0
114.644888132188	132.454214126245	0	0
114.595503792015	132.748691918553	0	0
114.54385710889	133.041704281812	0	0
114.489463485377	133.332937312988	0	0
114.431838324039	133.622077109048	0	0
114.370497027438	133.908809766958	0	0
114.304954998139	134.192821383684	0	0
114.234727638703	134.473798056193	0	0
114.159330351696	134.75142588145	0	0
114.078278539679	135.025390956421	0	0
113.991087605216	135.295379378073	0	0
113.897272950871	135.561077243372	0	0
113.796349979206	135.822170649284	0	0
113.687834092785	136.078345692775	0	0
113.571240694171	136.329288470812	0	0
113.446085185928	136.574685080361	0	0
113.311882970618	136.814221618387	0	0
113.168149450805	137.047584181857	0	0
113.014400029052	137.274458867738	0	0
112.850150107922	137.494531772995	0	0
112.674915089978	137.707488994594	0	0
112.488210377785	137.913016629502	0	0
112.289551373904	138.110800774686	0	0
112.0784534809	138.30052752711	0	0
111.854432101335	138.481882983741	0	0
111.617002637773	138.654553241546	0	0
111.365680492777	138.818224397491	0	0
111.09998106891	138.972582548541	0	0
110.819419768736	139.117313791663	0	0
110.523511994817	139.252104223824	0	0
110.211773149717	139.376639941989	0	0
109.883718636	139.490607043124	0	0
109.538863856228	139.593691624196	0	0
109.176724212964	139.685579782171	0	0
108.796815108773	139.765957614015	0	0
108.494439142807	139.812419570297	0	0
108.191706678704	139.853067987143	0	0
107.888668179549	139.88800253789	0	0
107.585374108429	139.917322895874	0	0
107.281874928428	139.941128734435	0	0
106.978221102634	139.959519726908	0	0
106.674463094131	139.97259554663	0	0
106.370651366007	139.98045586694	0	0
106.066836381346	139.983200361174	0	0
105.763068603235	139.98092870267	0	0
105.45939849476	139.973740564764	0	0
105.155876519006	139.961735620794	0	0
104.85255313906	139.945013544097	0	0
104.549478818007	139.923674008011	0	0
104.246704018934	139.897816685872	0	0
103.944279204926	139.867541251017	0	0
103.642254839069	139.832947376785	0	0
103.340681384449	139.794134736512	0	0
103.039609304152	139.751203003535	0	0
102.739089061264	139.704251851192	0	0
102.439171118871	139.653380952819	0	0
102.139905940059	139.598689981755	0	0
101.841343987914	139.540278611335	0	0
101.543535725522	139.478246514899	0	0
101.246531615967	139.412693365781	0	0
100.950382122338	139.343718837321	0	0
100.65601964002	139.285833355524	0	0
100.361657195915	139.227947679399	0	0
100.067294719412	139.170062168028	0	0
99.7729322488339	139.112176626524	0	0
99.4785698637115	139.054290650458	0	0
99.1842073959324	138.996405094723	0	0
98.889844937288	138.938519492536	0	0
98.5954825687392	138.88063343219	0	0
98.3011201096835	138.822747832094	0	0
98.0067576250894	138.764862361867	0	0
97.7123951518452	138.706976833923	0	0
97.4180326786612	138.649091305673	0	0
97.1236703101124	138.591205245327	0	0
96.8293078655963	138.533319571294	0	0
96.5349453836889	138.475434087405	0	0
96.2405830013448	138.417548097211	0	0
95.9462205421171	138.359662497989	0	0
95.6518580514856	138.301777058464	0	0
95.3574956215092	138.243891310493	0	0
95.063133125062	138.186005900542	0	0
94.7687707565133	138.128119840196	0	0
94.4744083248964	138.070234100568	0	0
94.1800457928593	138.012348871602	0	0
93.8856834243105	137.954462811256	0	0
93.5913210117817	137.89662697456	0	0
93.296958497887	137.838741653333	0	0
93.0025960911737	137.780855787064	0	0
92.7082335645303	137.723970530668	0	0
92.4138711656837	137.665034624393	0	0
92.1195087676945	137.607148713759	0	0
91.8251462392602	137.549263466471	0	0
91.5307838707114	137.491377406125	0	0
91.2364214814456	137.43349145113	0	0
90.9420589407857	137.375606266012	0	0
90.645462306644	137.329946495382	0	0
90.3497440172747	137.27987258473	0	0
90.0549206269668	137.22543795995	0	0
89.7610086900093	137.166696046938	0	0
89.4680247606912	137.103700271588	0	0
89.1759853933013	137.036504059796	0	0
88.8849071421288	136.965160837456	0	0
88.5948065614625	136.889724030465	0	0
88.3057002055914	136.810247064717	0	0
88.0042332003547	136.738557628261	0	0
87.7058000128133	136.66150498862	0	0
87.4103386892434	136.579199698528	0	0
87.1177872759212	136.49175231072	0	0
86.8280838191229	136.399273377927	0	0
86.5411663651246	136.301873452884	0	0
86.2569729602027	136.199663088324	0	0
85.9754416506332	136.09275283698	0	0
85.6965104826924	135.981253251586	0	0
85.4201175026566	135.865274884876	0	0
85.1462007568018	135.744928289582	0	0
84.8746982914043	135.620324018437	0	0
84.6055481527404	135.491572624177	0	0
84.3386883870861	135.358784659533	0	0
84.0740570407178	135.222070677239	0	0
83.8115921599115	135.08154123003	0	0
83.5512317909436	134.937306870637	0	0
83.2929139800902	134.789478151794	0	0
83.0365767736275	134.638165626236	0	0
82.7821582178317	134.483479846695	0	0
82.529596358979	134.325531365905	0	0
82.2788292433456	134.164430736598	0	0
82.0297949172078	134.00028851151	0	0
81.7824314268417	133.833215243372	0	0
81.5366768185235	133.663321484919	0	0
81.2924691385294	133.490717788883	0	0
81.0497464331357	133.315514707999	0	0
80.8084467486185	133.137822794999	0	0
80.568508131254	132.957752602617	0	0
80.3298686273185	132.775414683587	0	0
80.0924662830881	132.590919590642	0	0
79.856239144839	132.404377876515	0	0
79.6211252588475	132.215900093939	0	0
79.3870626713897	132.025596795649	0	0
79.1539894287418	131.833578534377	0	0
78.9218435771801	131.639955862857	0	0
78.6905631629807	131.444839333822	0	0
78.4600862324199	131.248339500006	0	0
78.2303508317739	131.050566914142	0	0
78.0012950073187	130.851632128964	0	0
77.7728568053308	130.651645697205	0	0
77.5449742720862	130.450718171598	0	0
77.3175854538611	130.248960104877	0	0
77.0906283969318	130.046482049775	0	0
76.8640411475745	129.843394559026	0	0
76.6377617520653	129.639808185362	0	0
76.4117282566805	129.435833481519	0	0
76.1858787076963	129.231581000228	0	0
75.9601511513888	129.027161294223	0	0
75.7344836340343	128.822684916238	0	0
75.5088142019089	128.618262419006	0	0
75.283080901289	128.41400435526	0	0
75.0572217784506	128.210021277735	0	0
74.8311748796699	128.006423739163	0	0
74.6048782512233	127.803322292277	0	0
74.3782699393868	127.600827489812	0	0
74.1512879904367	127.3990498845	0	0
73.9238704506492	127.198100029075	0	0
73.6959553663005	126.998088476271	0	0
73.4674807836668	126.79912577882	0	0
73.2383847490242	126.601322489457	0	0
73.0086053086491	126.404789160914	0	0
72.7780805088175	126.209636345925	0	0
72.5467483958058	126.015974597224	0	0
72.31454701589	125.823914467543	0	0
72.0814144153464	125.633566509617	0	0
71.8472886404512	125.445041276178	0	0
71.6121077374806	125.258449319961	0	0
71.3758097527109	125.073901193698	0	0
71.1383327324181	124.891507450123	0	0
70.8996147228785	124.711378641969	0	0
70.6595937703684	124.53362532197	0	0
70.4182079211638	124.358358042859	0	0
70.1753952215411	124.18568735737	0	0
69.9310937177763	124.015723818235	0	0
69.6852414561458	123.848577978189	0	0
69.4377764829257	123.684360389965	0	0
69.1886368443922	123.523181606296	0	0
68.9377605868216	123.365152179916	0	0
68.6850857564899	123.210382663558	0	0
68.4305503996735	123.058983609955	0	0
68.1740925626485	122.911065571841	0	0
67.9156502916912	122.766739101949	0	0
67.6551616330776	122.626114753013	0	0
67.3925646330841	122.489303077766	0	0
67.1277973379868	122.356414628942	0	0
66.860797794062	122.227559959273	0	0
66.5915040475858	122.102849621494	0	0
66.3198541448344	121.982394168337	0	0
66.0457861320841	121.866304152537	0	0
65.7692419346866	121.754687541434	0	0
65.4902453331385	121.647597746163	0	0
65.2088980698676	121.545036216468	0	0
64.9253049871551	121.447002336048	0	0
64.6395709272819	121.353495488603	0	0
64.3518007325293	121.264515057835	0	0
64.0620992451783	121.180060427444	0	0
63.77057130751	121.100130981129	0	0
63.4773217618056	121.024726102592	0	0
63.182455450346	120.953845175531	0	0
62.8860772154125	120.887487583649	0	0
62.588291899286	120.825652710645	0	0
62.2892043442478	120.768339940219	0	0
61.9889193925789	120.715548656072	0	0
61.6875418865603	120.667278241904	0	0
61.3851766684733	120.623528081415	0	0
61.0819285805989	120.584297558306	0	0
60.7779024652182	120.549586056276	0	0
60.4732031646123	120.519392959027	0	0
60.1679355210623	120.493717650259	0	0
59.8622043768492	120.472559513672	0	0
59.5561145742543	120.455917932965	0	0
59.2497709555586	120.443792291841	0	0
58.9432783630431	120.436181973998	0	0
58.6367416389891	120.433086363137	0	0
58.3302656256775	120.434504842959	0	0
58.0239551653895	120.440436797164	0	0
57.7179151004062	120.450881609451	0	0
57.4122502730087	120.465838663523	0	0
57.107065525478	120.485307343078	0	0
56.8024657000954	120.509287031816	0	0
56.4985556391418	120.53777711344	0	0
56.1954401848984	120.570776971648	0	0
55.8932241796463	120.608285990141	0	0
55.5920124656665	120.650303552619	0	0
55.2919098852403	120.696829042783	0	0
54.9930212806486	120.747861844333	0	0
54.6954514941725	120.803401340969	0	0
54.3993053680933	120.863446916392	0	0
54.1046877446918	120.927997954302	0	0
53.8117033345605	120.997053706033	0	0
53.5204092402269	121.070565570223	0	0
53.2307445032739	121.14836627791	0	0
52.9426301782375	121.23027048066	0	0
52.6559873196536	121.316092830037	0	0
52.3707369820583	121.405647977608	0	0
52.0868002199876	121.498750574938	0	0
51.8040980879773	121.595215273592	0	0
51.5225516405636	121.694856725136	0	0
51.2420819322824	121.797489581136	0	0
50.9626100176696	121.902928493155	0	0
50.6840569512613	122.010988112761	0	0
50.4063437875935	122.121483091519	0	0
50.129391581202	122.234228080993	0	0
49.853121386623	122.349037732749	0	0
49.5774542583924	122.465726698354	0	0
49.3023112510462	122.584109629372	0	0
49.0276134191203	122.704001177368	0	0
48.7532818171508	122.825215993908	0	0
48.4792374996737	122.947568730558	0	0
48.2054015212248	123.070874038883	0	0
47.9316949363403	123.194946570449	0	0
47.658038799556	123.31960097682	0	0
47.384354165408	123.444651909563	0	0
47.1105620884323	123.569914020242	0	0
46.8365836231649	123.695201960423	0	0
46.5623398241416	123.820330381672	0	0
46.2877517458986	123.945113935554	0	0
46.0127404429718	124.069367273635	0	0
45.7372306931907	124.192910761236	0	0
45.4611934095597	124.315635562589	0	0
45.1846306823614	124.437480686492	0	0
44.9075451888184	124.55838604246	0	0
44.6299396061537	124.678291540007	0	0
44.3518166115898	124.797137088647	0	0
44.0731788823498	124.914862597894	0	0
43.7940290956562	125.031407977264	0	0
43.5143699287319	125.146713136269	0	0
43.2342040587996	125.260717984426	0	0
42.9535341630821	125.373362431247	0	0
42.6723629188023	125.484586386247	0	0
42.3906930031828	125.594329758941	0	0
42.1085270934464	125.702532458843	0	0
41.825867866816	125.809134395468	0	0
41.5427180005142	125.914075478329	0	0
41.2590801717639	126.017295616941	0	0
40.9749570577878	126.118734720818	0	0
40.6903513358087	126.218332699475	0	0
40.4052656830494	126.316029462426	0	0
40.1197027767326	126.411764919186	0	0
39.8336652940812	126.505478979268	0	0
39.5471559123179	126.597111552187	0	0
39.2601773086654	126.686602547458	0	0
38.9727321603466	126.773891874594	0	0
38.6848231445841	126.858919443111	0	0
38.3964529386009	126.941625162522	0	0
38.1076242196196	127.021948942341	0	0
37.8183396648631	127.099830692084	0	0
37.528601951554	127.175210321265	0	0
37.2384137569153	127.248027739397	0	0
36.9477777581696	127.318222855995	0	0
36.6566966325397	127.385735580574	0	0
36.3651730572484	127.450505822648	0	0
36.0732097095185	127.512473491731	0	0
35.7808092665727	127.571578497337	0	0
35.4879744056339	127.627760748982	0	0
35.1947078039247	127.680960156178	0	0
34.901012138668	127.731116628441	0	0
34.6068900870866	127.778170075285	0	0
34.3123443264031	127.822060406225	0	0
34.0173775338404	127.862727530774	0	0
33.7219923866213	127.900111358447	0	0
33.4261915619685	127.934151798758	0	0
33.1299777371048	127.964788761222	0	0
32.833353589253	127.991962155353	0	0
32.5363217956358	128.015611890665	0	0
32.2388850334761	128.035677876673	0	0
31.9410459799965	128.052100022891	0	0
31.6428073124199	128.064818238833	0	0
31.3441717079691	128.073772434014	0	0
31.0451418438667	128.078902517948	0	0
30.7457203973357	128.080148400149	0	0
30.4459100455987	128.077449990132	0	0
30.1457134658785	128.070747197412	0	0
29.845133335398	128.059979931501	0	0
29.5441723313798	128.045088101916	0	0
29.2428331310468	128.026011618169	0	0
28.9411184116216	128.002690389776	0	0
28.6390308503272	127.975064326251	0	0
28.3365731243863	127.943073337108	0	0
28.0337479110216	127.906657331862	0	0
27.732905944163	127.865861332495	0	0
27.434058825783	127.839586696179	0	0
27.135238272254	127.813011069922	0	0
26.836388076798	127.786772350443	0	0
26.537612274871	127.759705735849	0	0
26.238871880571	127.732243456022	0	0
25.940131447904	127.704781593558	0	0
25.641391051866	127.677319332646	0	0
25.342650683091	127.649856775147	0	0
25.043910253032	127.62239488431	0	0
24.745169854386	127.594932651771	0	0
24.446429426066	127.567470742019	0	0
24.14768902568	127.540008528394	0	0
23.848948599099	127.512546599728	0	0
23.550208196975	127.485084405017	0	0
23.251467828201	127.457621847519	0	0
22.952727404228	127.430159890481	0	0
22.653986999495	127.402697724142	0	0
22.355246577261	127.375235748189	0	0
22.0575715251375	127.346305821127	0	0
21.7592467121508	127.318433869302	0	0
21.4604669342986	127.291302721595	0	0
21.1614269875788	127.264595206891	0	0
20.8623216679893	127.237994154072	0	0
20.5633457715278	127.211182392022	0	0
20.2646940941923	127.183842749623	0	0
19.9665614319805	127.155658055759	0	0
19.6691425808903	127.126311139312	0	0
19.3726323369196	127.095484829166	0	0
19.0772254960661	127.062861954204	0	0
18.7831168543277	127.028125343308	0	0
18.4905012077023	126.990957825362	0	0
18.1995733521876	126.95104222925	0	0
17.9105280837816	126.908061383853	0	0
17.623560198482	126.861698118055	0	0
17.3388644922868	126.81163526074	0	0
17.0566357611936	126.75755564079	0	0
16.7770688012004	126.699142087088	0	0
16.5003584083051	126.636077428517	0	0
16.2266993785054	126.568044493961	0	0
15.9562865077991	126.494726112302	0	0
15.6893145921842	126.415805112423	0	0
15.4259784276585	126.330964323209	0	0
15.1664728102197	126.239886573541	0	0
14.9109925358658	126.142254692302	0	0
14.6597324005945	126.037751508377	0	0
14.4128872004038	125.926059850647	0	0
14.1706517312914	125.806862547996	0	0
13.9332207892552	125.679842429308	0	0
13.700789170293	125.544682323464	0	0
13.4735516704027	125.401065059348	0	0
13.2517030855821	125.248673465844	0	0
13.035438211829	125.087190371834	0	0
12.8249518451413	124.916298606201	0	0
12.6204387815168	124.735680997829	0	0
12.4220938169534	124.5450203756	0	0
12.2301117474488	124.343999568397	0	0
12.044687369001	124.132301405104	0	0
11.8660154776077	123.909608714604	0	0
11.6942908692668	123.67560432578	0	0
11.5297083399762	123.429971067514	0	0
11.3724626857337	123.17239176869	0	0
11.222748702537	122.902549258191	0	0
11.0807611863841	122.6201263649	0	0
10.9466949332728	122.3248059177	0	0
10.820744739201	122.016270745474	0	0
10.7031054001664	121.694203677105	0	0
10.5939717121669	121.358287541477	0	0
10.4935384712003	121.008205167472	0	0
10.4020004732645	120.643639383973	0	0
10.3195525143573	120.264273019864	0	0
10.2463893904766	119.869788904027	0	0
10.1827058976202	119.459869865346	0	0
10.1286968317859	119.034198732703	0	0
10.0845569889716	118.592458334982	0	0
10.0504811651751	118.134331501066	0	0
10.0266641563942	117.659501059837	0	0
10.0133007586268	117.16764984018	0	0
10.0105857678707	116.658460670976	0	0
10.0187139801238	116.13161638111	0	0
10.0378801913838	115.586799799464	0	0
10.0682791976487	115.02369375492	0	0
10.1101057949163	114.441981076363	0	0
10.1635547791844	113.841344592676	0	0
10.2288209464508	113.22146713274	0	0
10.3060990927134	112.58203152544	0	0
10.39558401397	111.922720599659	0	0
10.445121081956	111.626838733207	0	0
10.494658335828	111.330956897876	0	0
10.544195407981	111.035075032122	0	0
10.593732657685	110.739193196094	0	0
10.643269733006	110.443311331037	0	0
10.692806978543	110.147429494311	0	0
10.742344153927	109.85154764584	0	0
10.791880898532	109.555665725246	0	0
10.841418137822	109.259783887474	0	0
10.890955224557	108.963902024162	0	0
10.940492459679	108.667020185692	0	0
10.990029550582	108.370138323077	0	0
11.039566781537	108.073256483909	0	0
11.089103876607	107.777374621992	0	0
11.138641103395	107.481492782127	0	0
11.188178202632	107.185610920907	0	0
11.237715425253	106.889729080344	0	0
11.287252528657	106.593847219822	0	0
11.33678974711	106.297965378561	0	0
11.386326854682	106.002083518737	0	0
11.435864068968	105.706201676779	0	0
11.485401180707	105.410319817652	0	0
11.534938480142	105.11443798995	0	0
11.584475669588	104.818556143833	0	0
11.634012875542	104.52267430048	0	0
11.683549995613	104.226792442748	0	0
11.733087197401	103.930910598697	0	0
11.782624321638	103.635028741663	0	0
11.832161519258	103.339146896915	0	0
11.881698647663	103.043265040578	0	0
11.931235841116	102.747383195132	0	0
11.980772973688	102.451501339493	0	0
12.030310162973	102.15561949335	0	0
12.079847299713	101.859737638408	0	0
12.129384484831	101.563855791567	0	0
12.178921625738	101.267973937323	0	0
12.228458806689	100.972092089784	0	0
12.277995951763	100.676210236239	0	0
12.327533212282	100.380328402021	0	0
12.377070440643	100.08444656242	0	0
12.426607613263	99.788564713485	0	0
12.476144766668	99.492682861335	0	0
12.525681443314	99.196800929364	0	0
12.575218609683	98.900919079383	0	0
12.624755769339	98.605037228279	0	0
12.674292931541	98.309155377601	0	0
12.723830095364	98.013273527194	0	0
12.773367253398	97.717391675818	0	0
12.822904421389	97.421509826109	0	0
12.872441575256	97.125627974035	0	0
12.921978747414	96.829746125024	0	0
12.971515897114	96.533864272253	0	0
13.021053073439	96.237982423939	0	0
13.070590218972	95.94210057047	0	0
13.120127477617	95.646218735938	0	0
13.169664703688	95.350336895954	0	0
13.219201888344	95.054455049035	0	0
13.268739025546	94.758573194171	0	0
13.318276214369	94.46269134795	0	0
13.367813347404	94.166809492389	0	0
13.417350540394	93.870927646865	0	0
13.466887669262	93.575045790606	0	0
13.51642486642	93.27916394578	0	0
13.56596199112	92.983282088823	0	0
13.615499192444	92.687400244695	0	0
13.665036312977	92.391518387041	0	0
13.71457351847	92.09563654361	0	0
13.764110634835	91.799754685258	0	0
13.813647844494	91.503872842525	0	0
13.863184956692	91.207990983475	0	0
13.912722243091	90.91210915359	0	0
13.962259441409	90.616227308959	0	0
14.0117966594	90.320345467621	0	0
14.061333763267	90.024463607176	0	0
14.110870985425	89.728581766536	0	0
14.160407662071	89.432699834565	0	0
14.209944759687	89.136817973074	0	0
14.259481988096	88.84093613348	0	0
14.309019081545	88.545054271291	0	0
14.358556314121	88.249172432395	0	0
14.408093403402	87.953290569508	0	0
14.457630640146	87.65740873131	0	0
14.50716772526	87.361526867725	0	0
14.556704966171	87.065645030225	0	0
14.606242047118	86.769763165943	0	0
14.655779292196	86.47388132914	0	0
14.705316368975	86.17799946416	0	0
14.754853684863	85.882117639213	0	0
14.804390853692	85.586235789644	0	0
14.853928107101	85.290353954236	0	0
14.90346517555	84.994472087861	0	0
14.953002433126	84.698590253151	0	0
15.002539497408	84.402708386078	0	0
15.052076759151	84.106826552066	0	0
15.101613819266	83.810944684296	0	0
15.151151085177	83.515062850981	0	0
15.200688141124	83.219180982513	0	0
15.250225411203	82.923299149896	0	0
15.299762462984	82.62741728073	0	0
15.34929973723	82.331535448811	0	0
15.398836784843	82.035653578948	0	0
15.448374063251	81.739771747726	0	0
15.497911106692	81.443889877165	0	0
15.547448450329	81.148008056864	0	0
15.596985591401	80.852126202649	0	0
15.646522878157	80.556244372821	0	0
15.69605991327	80.260362500866	0	0
15.745597204182	79.964480671737	0	0
15.795133880827	79.668598739766	0	0
15.84467090969	79.372716866764	0	0
15.894208206852	79.076835038681	0	0
15.943745231548	78.780953164981	0	0
15.993282532878	78.485071337596	0	0
16.042819553406	78.189189463198	0	0
16.092356858903	77.893307636511	0	0
16.141893875264	77.597425761416	0	0
16.191431184928	77.301543935426	0	0
16.240968197121	77.005662059633	0	0
16.290505510952	76.709780234341	0	0
16.34004257446	76.41389836714	0	0
16.389580000833	76.118016560522	0	0
16.439117004696	75.822134683335	0	0
16.488654326859	75.526252859437	0	0
16.538191326553	75.230370981552	0	0
16.587728652883	74.934489158352	0	0
16.637265648411	74.638607279769	0	0
16.686802978908	74.342725457267	0	0
16.736339970269	74.046843577986	0	0
16.785877304933	73.750961756182	0	0
16.835414292127	73.455079876204	0	0
16.884951630958	73.159198055098	0	0
16.934488613984	72.863316174422	0	0
16.984025956983	72.567434354013	0	0
17.033562935842	72.271552472639	0	0
17.083100283008	71.975670652928	0	0
17.1326373076	71.67978877921	0	0
17.182174771888	71.383906979108	0	0
17.231711742416	71.08802509634	0	0
17.281249097913	70.792143278024	0	0
17.330786064274	70.496261394557	0	0
17.380323423939	70.200379576939	0	0
17.429860100584	69.904497644968	0	0
17.479397060694	69.608615760455	0	0
17.528934426609	69.312733943883	0	0
17.578471382551	69.016852058672	0	0
17.628008752634	68.720970242798	0	0
17.677545704409	68.42508835689	0	0
17.727083078659	68.128206541713	0	0
17.776620026267	67.832324655107	0	0
17.826157404684	67.536442840628	0	0
17.875694348125	67.240560953325	0	0
17.925231775027	66.944679146963	0	0
17.978768832841	66.648797278808	0	0
18.024306219589	66.352915465724	0	0
18.073843154699	66.057033577025	0	0
18.123380545615	65.761151764639	0	0
18.172917476557	65.465269875242	0	0
18.22245487164	65.169388063554	0	0
18.271991798415	64.87350617346	0	0
18.321529197665	64.577624362469	0	0
18.371066120273	64.281742471677	0	0
18.42060352369	63.985860661384	0	0
18.47014044213	63.689978769895	0	0
18.519677849714	63.394096960299	0	0
18.569214763988	63.098215068112	0	0
18.61875217574	62.802333259214	0	0
18.668289085846	62.506451366329	0	0
18.717826540502	62.210569564614	0	0
18.767363570562	61.914687691812	0	0
18.816900990645	61.618805884309	0	0
18.86643789242	61.32292399003	0	0
18.91597531667	61.027042183225	0	0
18.965512214278	60.731160288248	0	0
19.015049642695	60.43527848214	0	0
19.064586536136	60.139396586465	0	0
19.11412396872	59.843514781055	0	0
19.163660645365	59.547632849084	0	0
19.213197532555	59.251750952363	0	0
19.262734971391	58.955869147999	0	0
19.312271854413	58.65998725058	0	0
19.3674251662	58.3721229044333	0	0
19.4204164478733	58.0822365791008	0	0
19.4715748882496	57.7905747766183	0	0
19.5212296761455	57.4973839990214	0	0
19.5697100003775	57.2029107483456	0	0
19.6173450497624	56.9074015266266	0	0
19.6644640131166	56.6111028359001	0	0
19.7113960792569	56.3142611782017	0	0
19.7584704369997	56.0171230555669	0	0
19.8060162751617	55.7199349700315	0	0
19.8543627825596	55.422943423631	0	0
19.9038391480098	55.1263949184011	0	0
19.9547745603291	54.8305359563774	0	0
20.0074982083339	54.5356130395955	0	0
20.062339280841	54.2418726700911	0	0
20.119626966667	53.9495613498998	0	0
20.1796904546283	53.6589255810571	0	0
20.2428589335417	53.3702118655989	0	0
20.3094615922237	53.0836667055606	0	0
20.3798276194909	52.7995366029779	0	0
20.45428620416	52.5180680598864	0	0
20.5331665350475	52.2395075783217	0	0
20.61679780097	51.9641016603196	0	0
20.7055091907442	51.6920968079155	0	0
20.7996298931867	51.4237395231452	0	0
20.899489097114	51.1592763080443	0	0
21.0054159913428	50.8989536646483	0	0
21.1177397646896	50.6430180949929	0	0
21.2367896059711	50.3917161011138	0	0
21.3628947040039	50.1452941850466	0	0
21.4963842476046	49.9039988488269	0	0
21.6375874255897	49.6680765944902	0	0
21.7868334267759	49.4377739240724	0	0
21.9444514399798	49.2133373396089	0	0
22.110770654018	48.9950133431354	0	0
22.2861202577071	48.7830484366876	0	0
22.4708294398636	48.577689122301	0	0
22.6652273893043	48.3791819020114	0	0
22.8696432948457	48.1877732778542	0	0
23.0844063453043	48.0037097518652	0	0
23.3098457294969	47.8272378260799	0	0
23.54629063624	47.6586040025341	0	0
23.7940702543502	47.4980547832633	0	0
24.0535137726441	47.3458366703031	0	0
24.3249503799384	47.2021961656892	0	0
24.6087092650495	47.0673797714573	0	0
24.9051196167942	46.9416339896428	0	0
25.2145106239891	46.8252053222816	0	0
25.5372114754507	46.7183402714091	0	0
25.8735513599956	46.621285339061	0	0
26.2238594664404	46.534287027273	0	0
26.5884649836018	46.4575918380807	0	0
26.9676971002964	46.3914462735197	0	0
27.3618850053407	46.3360968356256	0	0
27.7713578875513	46.2917900264341	0	0
28.1964449357449	46.2587723479807	0	0
28.6374753387381	46.2372903023011	0	0
29.0947782853475	46.2275903914311	0	0
29.5686829643896	46.229919117406	0	0
30.0595185646811	46.2445229822617	0	0
30.5676142750386	46.2716484880336	0	0
31.0932992842786	46.3115421367576	0	0
31.6369027812179	46.3644504304691	0	0
32.1987539546729	46.4306198712038	0	0
32.4985012292225	46.4422311673489	0	0
32.7982658707375	46.4539134566167	0	0
33.0979808595399	46.4669873040616	0	0
33.3976958643985	46.4800607834143	0	0
33.6974108556244	46.4931345752975	0	0
33.9971258599585	46.506208066676	0	0
34.2968408511112	46.5192818602399	0	0
34.5965558536195	46.5323553934736	0	0
34.8962708470933	46.5454291338262	0	0
35.1959858491796	46.5585026767353	0	0
35.4957008426825	46.5715764164181	0	0
35.7954158439096	46.5846499790251	0	0
36.0951308394177	46.5977236727377	0	0
36.3948458384005	46.6107972867945	0	0
36.6945608342537	46.6238709725964	0	0
36.9942758330279	46.6369445914346	0	0
37.2939908309889	46.6500182289159	0	0
37.5937058276214	46.6630918968538	0	0
37.8934208471102	46.6761650408073	0	0
38.1931358469108	46.6892386361144	0	0
38.4928508417806	46.7023123444638	0	0
38.7925658417469	46.7153859359731	0	0
39.0922808362286	46.7284596532168	0	0
39.3919958384821	46.7415331922927	0	0
39.6917108310014	46.7546069545231	0	0
39.9914258340284	46.7676804758682	0	0
40.2911408265615	46.7807542377848	0	0
40.5908558300534	46.7938277484709	0	0
40.8905708202225	46.8069015645824	0	0
41.1902858254972	46.8199750343968	0	0
41.4900008157826	46.8330488478441	0	0
41.7897158216247	46.8461223046492	0	0
42.0894308099743	46.8591961624726	0	0
42.3891458183599	46.8722695609688	0	0
42.6888608050034	46.8853434579033	0	0
42.9885758236026	46.8984166222516	0	0
43.288290832811	46.9114900018868	0	0
43.5880058191627	46.9245639055134	0	0
43.887720829118	46.9376372680259	0	0
44.1874358128236	46.9507112323109	0	0
44.4871508242798	46.9637845604154	0	0
44.7868658083837	46.9768585155726	0	0
45.0865808206893	46.9899318242042	0	0
45.3862958022936	47.0030058366643	0	0
45.6860108174244	47.0160790805238	0	0
45.9857257976047	47.0291531256319	0	0
46.2854408122605	47.0422263803824	0	0
46.585155791412	47.0553004490738	0	0
46.8848708089957	47.068373636702	0	0
47.1845857868255	47.0814477356912	0	0
47.4843008039012	47.0945209349676	0	0
47.7840157823856	47.1075950189529	0	0
48.0837308009848	47.1206681833012	0	0
48.383445819584	47.1337413476495	0	0
48.683160795403	47.1468154927389	0	0
48.9828758150853	47.1598886322561	0	0
49.2825907921382	47.1729627490585	0	0
49.5823058088049	47.1860359577087	0	0
49.8820207887379	47.1991100084859	0	0
50.181735804365	47.2121832409705	0	0
50.4814507837095	47.2252573052367	0	0
50.781165798026	47.238330567768	0	0
51.0808807802068	47.2514045670145	0	0
51.3805957935861	47.2644778510297	0	0
51.6803107752809	47.277551861415	0	0
51.980025788831	47.2906251415119	0	0
52.2797407720161	47.3036991177346	0	0
52.579455782807	47.316772461089	0	0
52.8791707668521	47.3298464175932	0	0
53.1788857779494	47.3429197539214	0	0
53.4786007635873	47.3559936739128	0	0
53.7783157720279	47.3690670711483	0	0
54.0780307906271	47.3821402354966	0	0
54.3777457789893	47.3952140930331	0	0
54.6774607861871	47.4082875187583	0	0
54.9771757743454	47.42136138097	0	0
55.2768907811502	47.4344348157036	0	0
55.5766057710805	47.4475086372896	0	0
55.8763207754081	47.4605821288176	0	0
56.1760357659165	47.4736559371482	0	0
56.4757507702686	47.4867294281131	0	0
56.7754657626517	47.4998031934678	0	0
57.075180764629	47.5128767388768	0	0
57.3748957586107	47.5259504675852	0	0
57.674610760189	47.5390240221386	0	0
57.9743257542231	47.5520977496461	0	0
58.27404075385	47.5651713489361	0	0
58.5737557500795	47.5782450261138	0	0
58.8734707494101	47.5913186321978	0	0
59.1731857680092	47.6043917965461	0	0
59.4729007659246	47.6174654350752	0	0
59.7726157635693	47.6305390798078	0	0
60.0723307617165	47.6436127130228	0	0
60.3720457572303	47.6566864066054	0	0
60.6716598903163	47.6717380438587	0	0
60.9712459981783	47.6871775260318	0	0
61.2703443551315	47.6820414064528	0	0
61.5689358637336	47.655118167216	0	0
61.8686534992369	47.6421052374764	0	0
62.1683671445082	47.6290006507941	0	0
62.4680788384223	47.6158514873205	0	0
62.7677649148179	47.6021471685847	0	0
63.0671841303944	47.583749228902	0	0
63.3660209323112	47.5574994473268	0	0
63.6639533680529	47.5224431650626	0	0
63.9608838270045	47.4797550137285	0	0
64.2566225212546	47.4294612887059	0	0
64.5508855869253	47.3711436908754	0	0
64.8433633486541	47.3044461610032	0	0
65.1340302481592	47.2302665246787	0	0
65.4227006202109	47.148652259448	0	0
65.7089601303411	47.0589469283261	0	0
65.9926330791438	46.9613725986319	0	0
66.2737070432081	46.856552108072	0	0
66.5520023624802	46.7445521551912	0	0
66.8269215457254	46.6245042365362	0	0
67.098540161564	46.4971705528003	0	0
67.3668013323719	46.3629093757547	0	0
67.6315341451854	46.2218073619145	0	0
67.8919083700112	46.0728158349194	0	0
68.1483611978439	45.9171813170547	0	0
68.4007369532664	45.7550179210158	0	0
68.6487197515327	45.5862082985534	0	0
68.8916683287054	45.4102300022953	0	0
69.1300179080669	45.2280778447679	0	0
69.3636166816082	45.0398688353885	0	0
69.590798774543	44.8440555495708	0	0
69.8107145259576	44.6400039328911	0	0
70.0301864332417	44.4354778705864	0	0
70.2460861063947	44.2272098087328	0	0
70.4560718246793	44.0129750834431	0	0
70.6591139234138	43.7921495203904	0	0
70.8556069938486	43.565479646279	0	0
71.0456759256981	43.3333961234855	0	0
71.2287695320112	43.0957695166472	0	0
71.4042954880659	42.8524985299199	0	0
71.572938478036	42.604410185153	0	0
71.7345701442376	42.3516920912422	0	0
71.8878653989852	42.0938326488725	0	0
72.033742814001	41.8317100205482	0	0
72.1722229272278	41.5656035791014	0	0
72.3057311375688	41.2969511016934	0	0
72.4388356547824	41.0280957737882	0	0
72.5718930942801	40.7592171453752	0	0
72.7048475495482	40.4902875809166	0	0
72.8500240121891	40.2293573494712	0	0
72.9800883616368	39.9605803483998	0	0
73.0817869025476	39.6783487898874	0	0
73.1816610382373	39.3954616091597	0	0
73.2815349865241	39.112574362269	0	0
73.3814091576814	38.8296871940633	0	0
73.4812830705005	38.5467999346507	0	0
73.5811572771255	38.2639127789669	0	0
73.681031154477	37.9810255070323	0	0
73.7809053965695	37.6981383638705	0	0
73.880779011707	37.4152509993605	0	0
73.9806528358577	37.1323637086432	0	0
74.0805271311511	36.8494765842641	0	0
74.1804009198341	36.5665892810248	0	0
74.2802752505952	36.2837021691677	0	0
74.3801490038106	36.0008148534065	0	0
74.4800233700393	35.7179277540713	0	0
74.5798970877871	35.4350404257881	0	0
74.6797714894834	35.1521533389748	0	0
74.7796451046208	34.869265974465	0	0
74.8795187691677	34.5863786273991	0	0
74.9793932240649	34.3034915593685	0	0
75.0792668531442	34.0206041997808	0	0
75.1791413397164	33.7377171429331	0	0
75.2790149586465	33.4548297797622	0	0
75.3788894236929	33.1719427153148	0	0
75.4787630780905	32.8890553646658	0	0
75.5786375076694	32.6061682876965	0	0
75.6785111975346	32.3232809495693	0	0
75.7783855916458	32.0403938600781	0	0
75.8782593169787	31.7575065344729	0	0
75.9781329321162	31.474619169963	0	0
76.0780072730265	31.191732061689	0	0
76.1778810515603	30.9088447548665	0	0
76.277755357003	30.6259576340707	0	0
76.3776291710044	30.3430703397701	0	0
76.4775034409794	30.0601832064523	0	0
76.5773772904485	29.7772959246737	0	0
76.6772515249559	29.4944087788339	0	0
76.7771254098925	29.2115215095773	0	0
76.87699902503	28.9286341450673	0	0
76.9768732063366	28.6457469804448	0	0
77.0767471444741	28.3628597299708	0	0
77.1766212903131	28.0799725528264	0	0
77.2764952639182	27.7970853148744	0	0
77.3763693742895	27.5141981252081	0	0
77.4762433833623	27.231310899778	0	0
77.576117458266	26.9484236975897	0	0
77.6759915028064	26.6655364846815	0	0
77.7758651179439	26.3826491201716	0	0
77.8757391396466	26.0997618992006	0	0
77.975613237388	25.8168747050752	0	0
78.0754872236231	25.5339874715822	0	0
78.175361356832	25.2511002899787	0	0
78.2752353075996	24.9682130439639	0	0
78.3751094762761	24.6853258748823	0	0
78.4749833915761	24.4024386163455	0	0
78.5748575957202	24.1195514597859	0	0
78.6747312108577	23.8366640952759	0	0
78.767670973856	23.5649873769531	0	0
78.8611008158689	23.2902539861448	0	0
78.9552157949772	23.0127904885234	0	0
79.0502109692619	22.7329234497614	0	0
79.1462813968038	22.4509794355312	0	0
79.2436221356838	22.1672850115052	0	0
79.3424282439827	21.8821667433559	0	0
79.4428947797815	21.5959511967558	0	0
79.5452168011609	21.3089649373773	0	0
79.649589366202	21.0215345308928	0	0
79.7562075329855	20.7339865429747	0	0
79.8652663595923	20.4466475392955	0	0
79.9769609041033	20.1598440855277	0	0
80.0914862245994	19.8739027473437	0	0
80.2090373791614	19.5891500904159	0	0
80.3298094258702	19.3059126804168	0	0
80.4539974228067	19.0245170830188	0	0
80.5817964280517	18.7452898638943	0	0
80.7134014996862	18.4685575887158	0	0
80.849007695791	18.1946468231558	0	0
80.9888100744469	17.9238841328866	0	0
81.1330036937349	17.6565960835808	0	0
81.2817836117359	17.3931092409107	0	0
81.4353448865306	17.1337501705488	0	0
81.5938825762	16.8788454381676	0	0
81.7575917388249	16.6287216094394	0	0
81.9266674324862	16.3837052500368	0	0
82.1013047152648	16.1441229256321	0	0
82.2816986452416	15.9103012018979	0	0
82.4680442804974	15.6825666445064	0	0
82.6605366791131	15.4612458191303	0	0
82.8593692898228	15.2466634976309	0	0
83.0646085438262	15.0390028754998	0	0
83.2761041416584	14.8382055757506	0	0
83.4936846098882	14.6441896204564	0	0
83.7171784750847	14.4568730316901	0	0
83.9464142638167	14.2761738315248	0	0
84.1812205026531	14.1020100420335	0	0
84.4214257181629	13.934299685289	0	0
84.6668584369148	13.7729607833646	0	0
84.9173471854779	13.6179113583332	0	0
85.1727204904211	13.4690694322677	0	0
85.4328068783132	13.3263530272412	0	0
85.6974348757231	13.1896801653268	0	0
85.9664330092198	13.0589688685973	0	0
86.2396298053721	12.9341371591259	0	0
86.516853790749	12.8151030589855	0	0
86.7979334919194	12.7017845902491	0	0
87.0826974354521	12.5940997749898	0	0
87.3709741479161	12.4919666352805	0	0
87.6625921558803	12.3953031931943	0	0
87.9573799859135	12.3040274708041	0	0
88.2551661645848	12.2180574901831	0	0
88.5557792184629	12.1373112734041	0	0
88.8590476741168	12.0617068425402	0	0
89.1648000581155	11.9911622196643	0	0
89.4728648970277	11.9255954268496	0	0
89.7830707174224	11.864924486169	0	0
90.0952460458686	11.8090674196956	0	0
90.409219408935	11.7579422495022	0	0
90.7248193331907	11.711466997662	0	0
91.0418743452045	11.6695596862479	0	0
91.3602129715453	11.632138337333	0	0
91.6796637387821	11.5991209729903	0	0
92.0000551734837	11.5704256152927	0	0
92.321215802219	11.5459702863133	0	0
92.642974151557	11.525673008125	0	0
92.9651587480665	11.509451802801	0	0
93.2875981183165	11.4972246924141	0	0
93.6101207888758	11.4889096990375	0	0
93.9325552863135	11.4844248447441	0	0
94.2547301371982	11.4836881516069	0	0
94.5764738680991	11.4866176416989	0	0
94.8976150055849	11.4931313370931	0	0
95.2179820762246	11.5031472598627	0	0
95.537403606587	11.5165834320804	0	0
95.8557081232412	11.5333578758194	0	0
96.172724152756	11.5533886131527	0	0
96.4882802217002	11.5765936661533	0	0
96.8022048566429	11.6028910568941	0	0
97.1143265841528	11.6321988074483	0	0
97.424473930799	11.6644349398887	0	0
97.7324754231503	11.6995174762884	0	0
98.0381595877756	11.7373644387205	0	0
98.3413549512438	11.7778938492579	0	0
98.6418900401238	11.8210237299736	0	0
98.9395933809846	11.8666721029406	0	0
99.234293500395	11.914756990232	0	0
99.525818924924	11.9651964139208	0	0
99.8139981811404	12.0179083960799	0	0
100.098659795613	12.0728109587823	0	0
100.379632294911	12.1298221241012	0	0
100.656744205603	12.1888599141094	0	0
100.929824054258	12.2498423508801	0	0
101.198700367446	12.3126874564861	0	0
101.495625331086	12.3555309113141	0	0
101.792550199511	12.3983750261457	0	0
102.089474980907	12.4412197442368	0	0
102.38639968346	12.4840650088433	0	0
102.683324315356	12.5269107632211	0	0
102.980248884781	12.5697569506259	0	0
103.277173399922	12.6126035143137	0	0
103.574097868965	12.6554503975403	0	0
103.871022300095	12.6982975435617	0	0
104.167946701499	12.7411448956336	0	0
104.464871081364	12.783992397012	0	0
104.761795447876	12.8268399909526	0	0
105.05871980922	12.8696876207115	0	0
105.355644173583	12.9125352295444	0	0
105.652568549151	12.9553827607071	0	0
105.949492944111	12.9982301574557	0	0
106.246417366648	13.0410773630459	0	0
106.543341824949	13.0839243207336	0	0
106.8402663272	13.1267709737747	0	0
107.137190881587	13.1696172654251	0	0
107.434115496296	13.2124631389405	0	0
107.731040179514	13.255308537577	0	0
108.027964939427	13.2981534045903	0	0
108.324889784221	13.3409976832363	0	0
108.621814722082	13.3838413167708	0	0
108.918739761196	13.4266842484499	0	0
109.21566490975	13.4695264215292	0	0
109.512590175929	13.5123677792647	0	0
109.809515567921	13.5552082649123	0	0
110.106441093911	13.5980478217278	0	0
110.403366762085	13.6408863929671	0	0
110.700291584597	13.6837308765781	0	0
110.997216367373	13.7265756355734	0	0
111.294141231939	13.7694198277447	0	0
111.591066109139	13.8122639323527	0	0
111.887990978968	13.8551080880441	0	0
112.18491579296	13.8979526307012	0	0
112.481840571881	13.9407974164119	0	0
112.778765435797	13.9836416130881	0	0
113.075690312997	14.026485717696	0	0
113.372615136897	14.0693301916882	0	0
113.669539905649	14.1121750478657	0	0
113.96646478285	14.1550191524736	0	0
114.263389653719	14.1978633009571	0	0
114.560314473879	14.2407078008689	0	0
114.857239246632	14.2835526293249	0	0
115.154164109507	14.326396833209	0	0
115.451088986708	14.369240937817	0	0
115.748013818856	14.4120853546478	0	0
116.04493857936	14.4549302679866	0	0
116.34186345656	14.4977743725946	0	0
116.63878832847	14.5406185138701	0	0
116.935713154798	14.5834629710367	0	0
117.232637921383	14.6263078422379	0	0
117.529562783218	14.6691520533299	0	0
117.826487660418	14.7119961579379	0	0
118.123412532978	14.7548402947086	0	0
118.420337363161	14.7976847251598	0	0
118.717262125891	14.8405296230764	0	0
119.014186987076	14.8833738386733	0	0
119.311111864276	14.9262179432812	0	0
119.608036709828	14.9690622672256	0	0
119.904961456929	15.0119072734509	0	0
120.201886334129	15.0547513780588	0	0
120.498811207729	15.0975955076216	0	0
121.074873430226	15.1725661956598	0	0
121.630644158245	15.2547885895358	0	0
122.166455386502	15.3441435161778	0	0
122.45205226772	15.4146573257469	0	0
122.741237154532	15.479242515228	0	0
123.032971932	15.5401482897974	0	0
123.326218485185	15.5996238546313	0	0
123.619938699148	15.659918414906	0	0
123.913094458951	15.7232811757977	0	0
124.204647649655	15.7919613424829	0	0
124.493560156321	15.8682081201377	0	0
124.778793864011	15.9542707139384	0	0
125.059314183357	16.0523883486375	0	0
125.334403885089	16.1639018446169	0	0
125.603910660978	16.288552805666	0	0
125.867740462696	16.4259179095251	0	0
126.125799241913	16.5755738339343	0	0
126.377992950298	16.7370972566339	0	0
126.624227539524	16.9100648553639	0	0
126.86440896126	17.0940533078647	0	0
127.098443167176	17.2886392918764	0	0
127.326236108943	17.4933994851391	0	0
127.547693738231	17.7079105653931	0	0
127.762722006711	17.9317492103786	0	0
127.971226866054	18.1644920978357	0	0
128.173114267929	18.4057159055046	0	0
128.368290164007	18.6549973111255	0	0
128.556660505959	18.9119129924387	0	0
128.738131245455	19.1760396271842	0	0
128.912608334165	19.4469538931024	0	0
129.07999772376	19.7242324679332	0	0
129.24020536591	20.0074520294171	0	0
129.393137212286	20.2961892552941	0	0
129.538699214558	20.5900208233044	0	0
129.676797324397	20.8885234111882	0	0
129.807337493472	21.1912736966858	0	0
129.930225673455	21.4978483575372	0	0
130.045367816016	21.8078240714827	0	0
130.152669872825	22.1207775162625	0	0
130.252037795553	22.4362853696167	0	0
130.346186909707	22.7378444790301	0	0
130.431773669571	23.0388406338912	0	0
130.508798075147	23.3392738342001	0	0
130.577260126433	23.6391440799568	0	0
130.637159823431	23.9384513711613	0	0
130.688497166139	24.2371957078135	0	0
130.731272154558	24.5353770899135	0	0
130.765484788688	24.8329955174612	0	0
130.791135068529	25.1300509904568	0	0
130.808222994081	25.4265435089001	0	0
130.816748565344	25.7224730727911	0	0
130.7754911033	26.0170558375678	0	0
130.734233641256	26.3116386023444	0	0
130.692976179213	26.6062213671211	0	0
130.651718717169	26.9008041318977	0	0
130.610461255125	27.1953868966744	0	0
130.569203793082	27.489969661451	0	0
130.527946331038	27.7845524262277	0	0
130.486688868994	28.0791351910043	0	0
130.445431406951	28.373717955781	0	0
130.404173944907	28.6683007205576	0	0
130.362916482863	28.9628834853343	0	0
130.32165902082	29.2574662501109	0	0
130.280401558776	29.5520490148876	0	0
130.239144096732	29.8466317796642	0	0
130.197886634689	30.1412145444409	0	0
130.156629172645	30.4357973092175	0	0
130.115371710601	30.7303800739942	0	0
130.074114248557	31.0249628387708	0	0
130.032856786514	31.3195456035475	0	0
129.99159932447	31.6141283683241	0	0
129.950341862426	31.9087111331008	0	0
129.909084400383	32.2032938978774	0	0
129.867826938339	32.4978766626541	0	0
129.826569476295	32.7924594274307	0	0
129.785312014252	33.0870421922073	0	0
129.744054552208	33.381624956984	0	0
129.700099353557	33.678387388082	0	0
129.656144154906	33.975149819181	0	0
129.612188956255	34.271912250279	0	0
129.568233757603	34.568674681378	0	0
129.524279295386	34.865437221553	0	0
129.480324338834	35.16219968851	0	0
129.436369140183	35.458962119608	0	0
129.392413941532	35.755724550707	0	0
129.34845874288	36.052486981806	0	0
129.304503544229	36.349249412904	0	0
129.260549045139	36.646011947618	0	0
129.21659412546	36.942774420036	0	0
129.172638926809	37.239536851135	0	0
129.128683728158	37.536299282233	0	0
129.084728529506	37.833061713332	0	0
129.040773330855	38.12982414443	0	0
128.996818794892	38.426586673682	0	0
128.952863912086	38.723349151562	0	0
128.908908713435	39.020111582661	0	0
128.864953514784	39.316874013759	0	0
128.820998316132	39.613636444858	0	0
128.777043117481	39.910398875956	0	0
128.733088544645	40.207161399747	0	0
128.689133698712	40.503923883088	0	0
128.645178500061	40.800686314186	0	0
128.60122330141	41.097448745285	0	0
128.557268102758	41.394211176384	0	0
128.513312904107	41.690973607482	0	0
128.469358294397	41.987736125811	0	0
128.425403485338	42.284498614614	0	0
128.381448286687	42.581261045712	0	0
128.337493088036	42.878023476811	0	0
128.293537889384	43.17478590791	0	0
128.249582690733	43.471548339008	0	0
128.20562804415	43.768310851876	0	0
128.161673271964	44.06507334614	0	0
128.117718153262	44.36183578908	0	0
128.073763019598	44.658598229804	0	0
128.029807820947	44.955360660903	0	0
127.985852622295	45.252123092002	0	0
127.941897938836	45.548885599407	0	0
127.897943203526	45.845648099133	0	0
127.853988004875	46.142410530232	0	0
127.810032806224	46.43917296133	0	0
127.766077607573	46.735935392429	0	0
127.722122408921	47.032697823528	0	0
127.678167688589	47.329460325472	0	0
127.634212990152	47.626222830659	0	0
127.590257791501	47.922985261758	0	0
127.54630259285	48.219747692856	0	0
127.502347394199	48.516510123955	0	0
127.458392195547	48.813272555053	0	0
127.414437438342	49.110035051536	0	0
127.370482776778	49.406797562185	0	0
127.326527578127	49.703559993284	0	0
127.282572379476	50.000322424382	0	0
127.238617180824	50.297084855481	0	0
127.194661982173	50.59384728658	0	0
127.150707188095	50.890609777601	0	0
127.106752563404	51.187372293711	0	0
127.062797364753	51.48413472481	0	0
127.018842166102	51.780897155908	0	0
126.97488696745	52.077659587007	0	0
126.930931768799	52.374422018106	0	0
126.886976570148	52.671184449204	0	0
126.843021733051	52.967946933854	0	0
126.799067151379	53.264709456336	0	0
126.755111952728	53.561471887434	0	0
126.711156754076	53.858234318533	0	0
126.667201555425	54.154996749632	0	0
126.623246356774	54.45175918073	0	0
126.579291482804	54.748521659919	0	0
126.535336938005	55.045284187862	0	0
126.491381785623	55.342046625814	0	0
126.447426685639	55.638809071526	0	0
126.403471486987	55.935571502625	0	0
126.359516288336	56.232333933723	0	0
126.31556137749	56.52909640745	0	0
126.271606869567	56.825858940855	0	0
126.227651670916	57.122621371954	0	0
126.183696472265	57.419383803052	0	0
126.139741273613	57.716146234151	0	0
126.095786074962	58.012908665249	0	0
126.051831127243	58.309671133515	0	0
126.007876656193	58.606433672381	0	0
125.963921457542	58.90319610348	0	0
125.919966258891	59.199958534578	0	0
125.876011060239	59.496720965677	0	0
125.832055861588	59.793483396776	0	0
125.788100876996	60.090245859579	0	0
125.744146442819	60.387008403907	0	0
125.700191244168	60.683770835006	0	0
125.656236045516	60.980533266104	0	0
125.612280846865	61.277295697203	0	0
125.568325648214	61.574058128302	0	0
125.524370626749	61.870820585644	0	0
125.480416229445	62.167583135433	0	0
125.436461030794	62.464345566532	0	0
125.392505832142	62.76110799763	0	0
125.348550633491	63.057870428729	0	0
125.30459543484	63.354632859827	0	0
125.260640376502	63.651395311709	0	0
125.216686016071	63.948157866959	0	0
125.17273081742	64.244920298058	0	0
125.128775618768	64.541682729157	0	0
125.084820420117	64.838445160255	0	0
125.040865221466	65.135207591354	0	0
124.996910126254	65.431970037773	0	0
124.952955802697	65.728732598485	0	0
124.909000604046	66.025495029584	0	0
124.865045418985	66.322257462547	0	0
124.821090352679	66.619019913248	0	0
124.777135154028	66.915782344347	0	0
124.73318002194	67.212544785305	0	0
124.689225735259	67.509307351479	0	0
124.645270536608	67.806069782578	0	0
124.601315337957	68.102832213676	0	0
124.557360139305	68.399594644775	0	0
124.513404940654	68.696357075873	0	0
124.469449771693	68.993119511369	0	0
124.425495521885	69.289882083005	0	0
124.381540323234	69.586644514103	0	0
124.337585124583	69.883406945202	0	0
124.293629925931	70.1801693763	0	0
124.24967472728	70.476931807399	0	0
