121.5714107	78.93509403	0	1.83988
121.5252228	79.23151718	0	1.83979
121.47902	79.527938	0	1.83968
121.4328028	79.82435657	0	1.83956
121.3865717	80.12077298	0	1.83943
121.3403277	80.41718737	0	1.83928
121.2940718	80.71359991	0	1.83911
121.2478055	81.01001082	0	1.83894
121.2015302	81.30642032	0	1.83876
121.1552476	81.60282869	0	1.83857
121.1089597	81.89923624	0	1.83838
121.0626686	82.19564328	0	1.83818
121.0163765	82.49205017	0	1.83798
120.9700859	82.78845728	0	1.83779
120.9237992	83.08486502	0	1.83759
120.8775181	83.38127362	0	1.83741
120.8312402	83.67768272	0	1.83722
120.7849625	83.97409185	0	1.83704
120.7386849	84.27050101	0	1.83686
120.6924077	84.56691021	0	1.83667
120.6461308	84.86331947	0	1.83649
120.5998543	85.15972879	0	1.83631
120.5535782	85.45613817	0	1.83613
120.5073025	85.75254762	0	1.83595
120.4610273	86.04895714	0	1.83576
120.4147525	86.34536674	0	1.83558
120.3684783	86.6417764	0	1.8354
120.3222043	86.93818612	0	1.83522
120.2759306	87.23459587	0	1.83504
120.2296569	87.53100564	0	1.83487
120.1833832	87.82741539	0	1.83469
120.1371093	88.12382513	0	1.83451
120.0908352	88.42023482	0	1.83433
120.0445608	88.71664446	0	1.83415
119.9982859	89.01305404	0	1.83397
119.9520105	89.30946353	0	1.83378
119.9057344	89.60587292	0	1.8336
119.8594577	89.90228221	0	1.83342
119.8131803	90.19869139	0	1.83324
119.7669022	90.49510045	0	1.83305
119.7206233	90.7915094	0	1.83287
119.6743436	91.08791822	0	1.83268
119.628063	91.38432691	0	1.8325
119.5817817	91.68073547	0	1.83231
119.5354995	91.9771439	0	1.83212
119.4892165	92.27355221	0	1.83193
119.4429328	92.56996041	0	1.83174
119.3966484	92.8663685	0	1.83155
119.3503633	93.16277648	0	1.83136
119.3040776	93.45918437	0	1.83117
119.2577914	93.75559217	0	1.83098
119.2115047	94.05199989	0	1.83078
119.1652175	94.34840755	0	1.83059
119.1189299	94.64481514	0	1.8304
119.0726419	94.94122266	0	1.8302
119.0263535	95.23763012	0	1.83001
118.9800647	95.53403752	0	1.82981
118.9337755	95.83044486	0	1.82962
118.8874859	96.12685213	0	1.82942
118.8411958	96.42325933	0	1.82923
118.7949053	96.71966646	0	1.82903
118.7486142	97.01607351	0	1.82883
118.7023226	97.31248047	0	1.82864
118.6560305	97.60888735	0	1.82844
118.6097377	97.90529414	0	1.82824
118.5634444	98.20170083	0	1.82804
118.5171505	98.49810743	0	1.82784
118.4708559	98.79451393	0	1.82764
118.4245607	99.09092033	0	1.82744
118.3782649	99.38732663	0	1.82724
118.3319683	99.68373282	0	1.82703
118.2856712	99.98013892	0	1.82683
118.2393734	100.2765449	0	1.82663
118.1930751	100.5729508	0	1.82642
118.1467764	100.8693567	0	1.82622
118.1004771	101.1657624	0	1.82601
118.0541773	101.4621681	0	1.82581
118.007877	101.7585737	0	1.8256
117.9615761	102.0549793	0	1.82539
117.9152749	102.3513847	0	1.82519
117.8689732	102.6477901	0	1.82498
117.8226712	102.9441954	0	1.82477
117.776369	103.2406007	0	1.82456
117.7300666	103.537006	0	1.82435
117.6837642	103.8334113	0	1.82414
117.6374616	104.1298165	0	1.82394
117.5911591	104.4262218	0	1.82373
117.5448564	104.722627	0	1.82352
117.4985536	105.0190322	0	1.82331
117.4522506	105.3154374	0	1.8231
117.4059473	105.6118426	0	1.82289
117.3596438	105.9082477	0	1.82268
117.31334	106.2046527	0	1.82247
117.2670359	106.5010577	0	1.82226
117.2207315	106.7974627	0	1.82205
117.1744268	107.0938676	0	1.82184
117.1281217	107.3902725	0	1.82163
117.0818161	107.6866772	0	1.82142
117.0355102	107.983082	0	1.8212
116.9892038	108.2794866	0	1.82099
116.942897	108.5758912	0	1.82078
116.8965898	108.8722957	0	1.82057
116.850282	109.1687002	0	1.82035
116.8039736	109.4651045	0	1.82014
116.7576646	109.7615088	0	1.81992
116.711355	110.0579129	0	1.81971
116.6650446	110.3543169	0	1.81949
116.6187336	110.6507209	0	1.81927
116.5724218	110.9471247	0	1.81905
116.5261095	111.2435284	0	1.81884
116.4797967	111.5399321	0	1.81862
116.4334835	111.8363356	0	1.8184
116.3871698	112.1327392	0	1.81818
116.3408558	112.4291426	0	1.81796
116.2945414	112.725546	0	1.81774
116.2482265	113.0219493	0	1.81752
116.2019112	113.3183526	0	1.81729
116.1555954	113.6147558	0	1.81707
116.1092791	113.9111589	0	1.81685
116.0629624	114.2075619	0	1.81663
116.0166454	114.5039649	0	1.8164
115.9703281	114.8003679	0	1.81618
115.9240106	115.0967708	0	1.81596
115.877693	115.3931737	0	1.81573
115.8313753	115.6895766	0	1.81551
115.7850577	115.9859795	0	1.81528
115.7387401	116.2823824	0	1.81506
115.6924227	116.5787853	0	1.81484
115.6461054	116.8751883	0	1.81461
115.5997884	117.1715913	0	1.81439
115.5534716	117.4679943	0	1.81417
115.507155	117.7643973	0	1.81394
115.4608389	118.0608005	0	1.81372
115.4145231	118.3572037	0	1.8135
115.3682077	118.6536069	0	1.81328
115.3218927	118.9500102	0	1.81306
115.2755781	119.2464136	0	1.81283
115.2292638	119.542817	0	1.81261
115.1829497	119.8392205	0	1.81239
115.1366359	120.1356239	0	1.81217
115.0903223	120.4320275	0	1.81195
115.0440088	120.728431	0	1.81173
114.9976954	121.0248346	0	1.81151
114.951382	121.3212381	0	1.81129
114.9050686	121.6176417	0	1.81107
114.8587552	121.9140452	0	1.81086
114.8124419	122.2104488	0	1.81064
114.7661286	122.5068524	0	1.81042
114.7198153	122.803256	0	1.8102
114.6735022	123.0996596	0	1.80998
114.6271891	123.3960632	0	1.80976
114.5808761	123.6924668	0	1.80954
114.5345632	123.9888704	0	1.80932
114.4882505	124.2852741	0	1.8091
114.441938	124.5816778	0	1.80888
114.395626	124.8780816	0	1.80866
114.3493145	125.1744854	0	1.80845
114.3030039	125.4708894	0	1.80823
114.2566941	125.7672935	0	1.80801
114.210385	126.0636978	0	1.8078
114.1640761	126.360102	0	1.80758
114.1177663	126.6565061	0	1.80737
114.0714536	126.9529098	0	1.80715
114.025135	127.2493126	0	1.80692
113.9788067	127.5457138	0	1.80669
113.9324644	127.8421128	0	1.80644
113.8861047	128.1385092	0	1.80617
113.8397272	128.4349027	0	1.80589
113.7933379	128.7312944	0	1.80559
113.7469541	129.0276869	0	1.8053
113.7006101	129.3240857	0	1.80505
113.6543629	129.6204996	0	1.8049
113.6082953	129.9169414	0	1.80493
113.562514	130.2134276	0	1.80525
113.5171397	130.5099763	1	1.80597
113.4722809	130.8066034	1	1.80719
113.4279983	131.103317	1	1.80898
113.3842884	131.4001156	1	1.8114
113.3410598	131.6969847	1	1.81446
113.2981491	131.9939	1	1.81786
113.255367	132.2908338	1	1.82117
113.2125101	132.5877568	1	1.82397
113.1692332	132.8846187	1	1.82582
113.1250631	133.1813488	1	1.82636
113.0794934	133.4778666	1	1.82545
113.0318761	133.7740616	1	1.82303
112.9814908	134.0697972	1	1.8191
112.9275834	134.3649092	1	1.81405
112.8691651	134.6591591	1	1.80812
112.8052643	134.9522649	1	1.80213
112.7349353	135.2438915	1	1.79663
112.6570689	135.5335927	1	1.79135
112.5705531	135.8208251	1	1.7857
112.4743149	136.1049423	1	1.78211
112.367294	136.3851701	1	1.77956
112.2485257	136.6606177	1	1.77646
112.1171621	136.9302775	1	1.77331
111.972471	137.1930174	1	1.77262
111.8139067	137.4476139	1	1.76968
111.6411266	137.6927728	1	1.76656
111.4540092	137.9271578	1	1.76649
111.25266	138.1494201	1	1.76392
111.0373758	138.3581958	1	1.76177
110.8086716	138.5521587	1	1.76056
110.5672847	138.7300709	1	1.75608
110.3141698	138.8908425	1	1.75657
110.0504902	139.0336158	1	1.75305
109.7775856	139.1578473	1	1.75301
109.4969094	139.2633632	1	1.75112
109.209951	139.3503853	1	1.75124
108.9181477	139.4194946	1	1.75137
108.6228096	139.4715412	1	1.75419
108.3250792	139.5075853	1	1.75543
108.0259169	139.5288938	1	1.76447
107.7260874	139.5368451	1	1.7727
107.4261652	139.5328586	1	1.7833
107.1265533	139.5183891	1	1.79734
106.8275092	139.494829	1	1.81031
106.5291657	139.4635393	1	1.82294
106.2315502	139.4258947	1	1.83428
105.9346242	139.3831178	1	1.84304
105.6383019	139.3363171	1	1.84876
105.3424551	139.2865847	1	1.85114
105.046942	139.234898	0	1.85037
104.7516231	139.1821089	0	1.84691
104.4563688	139.128959	0	1.84153
104.1610772	139.0760173	0	1.83519
103.8656763	139.0236902	0	1.82879
103.5701199	138.9722494	0	1.82324
103.2743922	138.9218021	0	1.81916
102.9785021	138.8723164	0	1.81662
102.6824781	138.823637	0	1.81512
102.3863582	138.7755438	0	1.8141
102.090174	138.7278478	0	1.81337
101.7939515	138.6803905	0	1.81289
101.4977095	138.6330545	0	1.81252
101.2014598	138.5857668	0	1.81221
100.9052088	138.5384874	0	1.8119
100.6089595	138.4911974	0	1.81158
100.3127129	138.4438905	0	1.81125
100.016469	138.3965665	0	1.8109
99.72022739	138.3492283	0	1.81053
99.42398745	138.3018796	0	1.81016
99.1277487	138.2545235	0	1.80977
98.83151086	138.2071617	0	1.80938
98.53527386	138.1597946	0	1.80899
98.2390377	138.1124222	0	1.80859
97.94280258	138.0650434	0	1.80818
97.64656901	138.0176549	0	1.80777
97.35033772	137.9702521	0	1.80733
97.05410913	137.9228325	0	1.80689
96.75788302	137.8753973	0	1.80642
96.46165841	137.8279528	0	1.80595
96.1654334	137.7805108	0	1.80548
95.86920553	137.7330867	0	1.80503
95.57297226	137.6856963	0	1.80461
95.27672862	137.6383708	0	1.80425
94.98046514	137.5911697	0	1.80403
94.68417175	137.5441568	0	1.80399
94.38784187	137.4973744	0	1.80422
94.0914718	137.4508474	0	1.80482
93.79506152	137.4045772	0	1.80572
93.49861907	137.3585134	0	1.80663
93.20216503	137.3125243	0	1.80724
92.90573321	137.2663924	0	1.80724
92.60936552	137.2198509	0	1.80648
92.31310627	137.172625	0	1.80491
92.01699894	137.1244569	0	1.80255
91.72108234	137.0751316	0	1.79961
91.42538885	137.0244869	0	1.79633
91.12994816	136.9723885	0	1.79304
90.83479057	136.9187104	0	1.79012
90.53995129	136.8633119	0	1.78786
90.24547747	136.8060042	0	1.7864
89.95142915	136.7465542	0	1.78575
89.6578758	136.6847088	0	1.78586
89.36489184	136.6202222	0	1.78628
89.07255517	136.5528645	0	1.78711
88.78094808	136.4824176	0	1.78861
88.49015648	136.408679	0	1.78995
88.20027023	136.3314601	0	1.79116
87.91138911	136.2505646	0	1.79222
87.62363136	136.1657629	0	1.79308
87.33713354	136.0768007	0	1.79341
87.05204391	135.9834273	0	1.79329
86.76851267	135.8854261	1	1.79309
86.48668031	135.7826429	1	1.79198
86.20667517	135.6749827	1	1.79033
85.92861837	135.5623869	1	1.78835
85.65261912	135.444838	1	1.78609
85.3787678	135.3223683	1	1.78371
85.10714032	135.1950421	1	1.78149
84.83780206	135.0629418	1	1.7797
84.57079949	134.9261812	1	1.77863
84.30613909	134.7849396	1	1.77867
84.0437661	134.6394903	1	1.78028
83.78356144	134.4901937	1	1.78422
83.52535017	134.3374724	1	1.79137
83.26891353	134.181787	1	1.80277
83.01400871	134.0236038	1	1.81942
82.76039274	133.8633607	1	1.8415
82.50783405	133.7014551	1	1.86974
82.25612339	133.5382334	1	1.90479
82.00507593	133.3739929	1	1.9472
81.75451456	133.2090114	1	1.99728
81.50426677	133.0435544	1	2.05559
81.2541713	132.8778672	1	2.12361
81.00409351	132.7121533	1	2.20074
80.75393675	132.5465587	1	2.28641
80.50364832	132.3811632	1	2.38048
80.2532268	132.2159692	1	2.48242
80.00272346	132.0508993	1	2.59307
79.75222253	131.8858257	1	2.71267
79.50181421	131.7206117	1	2.83858
79.25158307	131.5551296	1	2.97046
79.00159778	131.3892764	1	3.10782
78.75190394	131.2229847	1	3.25122
78.50253106	131.0562122	1	3.39889
78.25349534	130.8889366	1	3.53044
78.00479584	130.7211615	1	3.46807
77.75641988	130.5529078	1	3.4078
77.50834249	130.3842141	1	3.34972
77.26052041	130.2151456	1	3.29391
77.01289229	130.045793	1	3.24037
76.76538768	129.8762599	1	3.18909
76.51794015	129.7066435	1	3.1401
76.27048354	129.5370404	1	3.09356
76.02293664	129.3675691	1	3.04936
75.77520762	129.1983642	1	3.00735
75.52721204	129.0295504	1	2.96746
75.27886794	128.8612498	1	2.92964
75.03010909	128.6935629	1	2.89385
74.78089725	128.52655	1	2.86007
74.53119463	128.360272	1	2.82831
74.28094541	128.1948179	1	2.7985
74.03010054	128.0302683	1	2.77011
73.77864544	127.8666527	1	2.74069
73.52658882	127.7039654	1	2.70967
73.27392028	127.5422302	1	2.67712
73.0206254	127.3814776	1	2.64299
72.76673213	127.2216716	1	2.60765
72.51227541	127.0627644	1	2.57118
72.2572603	126.9047548	1	2.5338
72.00172486	126.7475878	1	2.49556
71.74573267	126.5911659	1	2.457
71.48930038	126.4354664	1	2.41791
71.23245858	126.2804433	1	2.37879
70.97524792	126.1260329	1	2.33975
70.71767481	125.9722279	1	2.30063
70.45975615	125.819003	1	2.26242
70.20150093	125.6663461	1	2.2243
69.94289851	125.5142781	1	2.1871
69.68395181	125.3627971	1	2.15073
69.42466594	125.2118973	1	2.11491
69.1650717	125.0615286	1	2.08086
68.9052173	124.9116098	1	2.04791
68.64512423	124.7621055	1	2.01667
68.38479386	124.6130148	1	1.98742
68.12421087	124.4643661	1	1.95971
67.86336396	124.316181	1	1.9343
67.60219324	124.1685676	1	1.91143
67.34062515	124.0216596	1	1.89016
67.07857445	123.8756147	1	1.87167
66.8158975	123.7307	1	1.8551
66.55245053	123.5871905	1	1.83958
66.28811402	123.4453271	1	1.82821
66.02276562	123.3053666	1	1.81712
65.75626582	123.1676127	1	1.80888
65.48845722	123.0324231	1	1.80229
65.21918763	122.9001692	1	1.79615
64.94835113	122.7711568	1	1.79239
64.67582645	122.645753	1	1.79003
64.40151305	122.524314	1	1.78783
64.12534897	122.407148	1	1.78766
63.84724652	122.2946654	1	1.78815
63.56710489	122.1873686	1	1.78788
63.2848507	122.0857655	1	1.79161
63.00043961	121.9903756	1	1.79331
62.71385622	121.9017333	1	1.79525
62.42515763	121.8202497	1	1.7974
62.13444654	121.7462747	1	1.79842
61.84186594	121.6800813	1	1.7971
61.54761024	121.6217873	1	1.80072
61.25188661	121.5714649	1	1.80106
60.95492292	121.5290649	1	1.80266
60.65694329	121.4945166	1	1.80467
60.35816752	121.467696	1	1.80599
60.05880942	121.4484249	1	1.80594
59.75906635	121.4365129	1	1.81101
59.45912461	121.4316598	1	1.81344
59.15914852	121.4336085	1	1.81762
58.85928041	121.4419837	1	1.82239
58.55963872	121.4563591	1	1.8269
58.2603179	121.4763634	1	1.83181
57.96137846	121.5014583	1	1.84019
57.66286178	121.5311734	1	1.84744
57.36479681	121.5651358	1	1.85852
57.06718397	121.6028668	1	1.87079
56.77001956	121.6439853	1	1.8838
56.47329185	121.6881532	1	1.89973
56.17695944	121.7349055	1	1.91775
55.88098932	121.7839013	1	1.9373
55.58536585	121.8349486	1	1.9598
55.29007598	121.8878928	1	1.98399
54.99511134	121.9426205	1	2.0094
54.70048274	121.9991284	1	2.03847
54.40621312	122.057477	1	2.06761
54.11230615	122.1176262	1	2.09897
53.81875896	122.1795078	1	2.13133
53.52556714	122.2430524	1	2.16422
53.23273162	122.3082191	1	2.19866
52.94025741	122.374989	1	2.23364
52.6481416	122.44331	1	2.26915
52.35637817	122.5131211	1	2.30543
52.0649612	122.5843646	1	2.34185
51.77389794	122.6570397	1	2.37853
51.48318578	122.7311071	1	2.41562
51.1928262	122.8065446	1	2.4523
50.90282077	122.8833328	1	2.48943
50.61316065	122.9614134	1	2.52588
50.32385008	123.0407796	1	2.56219
50.03487919	123.1213741	1	2.59799
49.74624695	123.2031728	1	2.63309
49.45796045	123.2861821	1	2.66772
49.17000501	123.3703328	1	2.70137
48.88239746	123.4556645	1	2.73414
48.59514709	123.5421913	1	2.7658
48.30823455	123.6298319	1	2.79819
48.02166502	123.7185877	1	2.83147
47.73542371	123.8083968	1	2.86566
47.44947804	123.8991429	1	2.9008
47.16382919	123.9908189	1	2.93681
46.87846858	124.0833887	1	2.97368
46.59334864	124.1766973	1	3.01148
46.30843626	124.2706379	1	3.05023
46.0237189	124.3651681	1	3.08991
45.73916227	124.4601811	1	3.13054
45.45471392	124.555518	1	3.17218
45.1703319	124.6510526	1	3.21489
44.88598631	124.7466957	1	3.25865
44.60164328	124.8423463	1	3.30348
44.31726362	124.9378879	1	3.34937
44.03280538	125.0331952	1	3.39635
43.74823481	125.1281665	1	3.44444
43.46353838	125.2227599	1	3.49354
43.17870527	125.3169408	1	3.54356
42.89371956	125.4106589	1	3.59441
42.60857242	125.5038846	1	3.646
42.32326277	125.5966119	1	3.59736
42.03779377	125.6888474	1	3.447
41.75217442	125.7806163	1	3.30047
41.46642392	125.8719761	1	3.15786
41.18057188	125.9630179	1	3.01937
40.89465842	126.0538666	1	2.88551
40.60873624	126.1446879	1	2.75709
40.32286647	126.2356739	1	2.63539
40.03710595	126.3270023	1	2.52081
39.7514874	126.4187737	1	2.41332
39.46600503	126.5109679	1	2.3133
39.1806155	126.6034493	1	2.22117
38.8952422	126.6959808	1	2.13786
38.60978289	126.7882463	1	2.06431
38.32411355	126.8798586	1	1.99958
38.03809065	126.9703593	1	1.94345
37.75156212	127.0592436	1	1.89602
37.4643799	127.1459893	1	1.85741
37.17640752	127.2300703	1	1.82638
36.88752237	127.3109542	1	1.80319
36.59761659	127.3880933	1	1.78696
36.30660162	127.460928	1	1.77625
36.01441378	127.5288953	1	1.77005
35.72102118	127.5914469	1	1.76755
35.42643091	127.6480791	1	1.76777
35.13069166	127.6983561	1	1.76985
34.83389259	127.7419326	1	1.77308
34.53615888	127.7785761	1	1.77683
34.23764334	127.8081818	1	1.78056
33.93851443	127.8307695	1	1.78442
33.63894394	127.8464677	1	1.78771
33.33909708	127.855504	1	1.79017
33.03912435	127.8581989	1	1.79173
32.73915499	127.8549538	1	1.79248
32.43929239	127.8462415	1	1.79256
32.13961176	127.8325917	1	1.79205
31.84016097	127.8145586	0	1.79118
31.54096532	127.7926756	0	1.79024
31.24203486	127.7674135	0	1.78942
30.94337142	127.7391604	0	1.78886
30.64497157	127.708241	0	1.78868
30.34682578	127.6749557	0	1.78888
30.04891873	127.6395934	0	1.78945
29.75123119	127.6024255	0	1.79034
29.45374224	127.5636979	0	1.79151
29.15642964	127.5236372	0	1.79299
28.85926853	127.4824664	0	1.79487
28.56223296	127.4403983	0	1.79683
28.26529958	127.3976143	0	1.79877
27.96845073	127.3542473	0	1.80053
27.67167462	127.3103851	0	1.80202
27.37496282	127.2660899	0	1.80313
27.07830813	127.2214137	0	1.80381
26.78170236	127.1764138	0	1.80407
26.48513475	127.1311629	0	1.80396
26.18859232	127.0857471	0	1.80357
25.89206078	127.0402604	0	1.80307
25.59552615	126.9947938	0	1.80259
25.29897727	126.9494203	0	1.80228
25.00240819	126.904179	0	1.80219
24.70581852	126.8590728	0	1.80232
24.40921144	126.8140813	0	1.80254
24.112592	126.7691713	0	1.80282
23.81596567	126.7243068	0	1.80313
23.51933657	126.6794607	0	1.80347
23.22270696	126.6346179	0	1.8038
22.92607846	126.5897678	0	1.80413
22.62945274	126.5448993	0	1.80444
22.33283128	126.5000027	0	1.80472
22.03621494	126.4550722	0	1.80497
21.73960326	126.410111	0	1.80519
21.44299383	126.3651349	0	1.80539
21.14638145	126.3201783	0	1.80561
20.84975698	126.2753016	0	1.80591
20.55310597	126.2306008	0	1.80639
20.25640811	126.1862123	0	1.80719
19.95963906	126.1423027	0	1.80847
19.66277655	126.0990301	0	1.81039
19.36580799	126.0564915	0	1.81306
19.06873409	126.0146947	0	1.81647
18.7715665	125.9735689	0	1.82056
18.47432852	125.9329542	0	1.82517
18.17706062	125.8925587	0	1.83
17.87981851	125.8519746	1	1.83462
17.58267083	125.810707	1	1.83811
17.28570672	125.7681445	1	1.83911
16.98905067	125.7234958	1	1.83663
16.69285883	125.6758791	1	1.83071
16.397314	125.6244146	1	1.82186
16.10263667	125.5682157	1	1.81079
15.80911177	125.506302	1	1.79929
15.51708719	125.4376834	1	1.78861
15.22697504	125.3614064	1	1.77942
14.93925061	125.2765885	1	1.77163
14.65446039	125.1824101	1	1.76503
14.37323418	125.0780917	1	1.76283
14.0962632	124.9629698	1	1.7607
13.82427445	124.836541	1	1.76279
13.55801862	124.6984617	1	1.76789
13.2982806	124.5484929	1	1.77247
13.04582318	124.3865758	1	1.77696
12.80135808	124.2128319	1	1.78391
12.56551677	124.0275525	1	1.78862
12.33882241	123.8311865	1	1.79186
12.12172077	123.6242627	1	1.79519
11.91460185	123.4073452	1	1.79593
11.71779837	123.1810248	1	1.7968
11.53159012	122.9459072	1	1.79514
11.35624437	122.7025797	1	1.7952
11.19204143	122.4515968	1	1.79261
11.03923458	122.1935159	1	1.79106
10.8980637	121.92889	1	1.78931
10.76875782	121.6582676	1	1.78765
10.65150509	121.382208	1	1.78742
10.54645808	121.1012761	1	1.78605
10.45376692	120.8160285	1	1.78424
10.37352017	120.5270315	1	1.78422
10.30564951	120.2348771	1	1.78193
10.24994481	119.9401569	1	1.78091
10.20613063	119.6434325	1	1.77957
10.17382506	119.3452303	1	1.77957
10.15247105	119.0460385	1	1.78115
10.14139021	118.746284	1	1.78283
10.13982866	118.4463228	1	1.78444
10.14701331	118.146438	1	1.78767
10.16212822	117.8468426	1	1.79211
10.18430856	117.5476823	1	1.79624
10.21268842	117.2490419	1	1.80074
10.24646999	116.9509608	1	1.80574
10.28488623	116.6534383	1	1.81081
10.3271499	116.3564355	1	1.81508
10.37251552	116.0598886	1	1.81783
10.4202821	115.7637176	0	1.8188
10.46982461	115.4678377	0	1.81853
10.52062906	115.1721712	0	1.81785
10.57224118	114.8766444	0	1.81699
10.62424993	114.581187	0	1.81542
10.6763262	114.2857415	0	1.8128
10.72826814	113.9902723	0	1.80993
10.77995313	113.6947581	0	1.80748
10.83127611	113.3991809	0	1.80544
10.88218127	113.1035314	0	1.80383
10.93266284	112.8078093	0	1.80264
10.98275366	112.5120207	0	1.80186
11.03252211	112.2161777	0	1.8014
11.08205616	111.9202954	0	1.80118
11.13143825	111.6243876	0	1.80111
11.18073381	111.3284654	0	1.80113
11.22998922	111.0325365	0	1.80119
11.27923374	110.7366058	0	1.80126
11.32848311	110.4406759	0	1.80132
11.37774382	110.1447479	0	1.80138
11.42701683	109.848822	0	1.80142
11.4763003	109.5528977	0	1.80145
11.52559136	109.2569748	0	1.80148
11.57488715	108.9610526	0	1.80149
11.62418536	108.6651309	0	1.80151
11.67348434	108.3692093	0	1.80153
11.7227831	108.0732876	0	1.80154
11.77208106	107.7773658	0	1.80156
11.82137799	107.4814438	0	1.80158
11.87067386	107.1855217	0	1.8016
11.91996879	106.8895994	0	1.80162
11.96926301	106.5936769	0	1.80164
12.01855675	106.2977544	0	1.80166
12.06785021	106.0018319	0	1.80168
12.11714352	105.7059093	0	1.8017
12.16643674	105.4099867	0	1.80172
12.21572988	105.1140641	0	1.80174
12.26502291	104.8181415	0	1.80177
12.31431579	104.5222189	0	1.80179
12.36360854	104.2262962	0	1.80181
12.41290123	103.9303735	0	1.80183
12.46219394	103.6344508	0	1.80185
12.51148679	103.3385282	0	1.80188
12.56077979	103.0426056	0	1.8019
12.61007294	102.746683	0	1.80192
12.65936614	102.4507604	0	1.80194
12.70865927	102.1548378	0	1.80196
12.7579522	101.8589151	0	1.80199
12.80724483	101.5629925	0	1.80201
12.85653709	101.2670697	0	1.80203
12.90582894	100.9711469	0	1.80205
12.95512039	100.675224	0	1.80208
13.00441142	100.3793011	0	1.8021
13.05370205	100.083378	0	1.80213
13.10299233	99.78745495	0	1.80215
13.15228231	99.49153182	0	1.80217
13.20157206	99.19560866	0	1.8022
13.25086168	98.89968547	0	1.80223
13.30015129	98.60376228	0	1.80225
13.34944104	98.30783911	0	1.80228
13.39873108	98.01191599	0	1.8023
13.44802153	97.71599294	0	1.80233
13.49731247	97.42006997	0	1.80235
13.54660388	97.12414708	0	1.80237
13.59589572	96.82822427	0	1.8024
13.64518797	96.53230152	0	1.80242
13.69448061	96.23637883	0	1.80244
13.74377367	95.94045622	0	1.80246
13.7930672	95.64453368	0	1.80248
13.8423613	95.34861124	0	1.8025
13.89165604	95.0526889	0	1.80252
13.94095145	94.75676668	0	1.80254
13.99024754	94.46084457	0	1.80256
14.03954424	94.16492256	0	1.80258
14.08884147	93.86900064	0	1.8026
14.13813907	93.57307878	0	1.80262
14.18743686	93.27715695	0	1.80263
14.23673469	92.98123513	0	1.80265
14.28603247	92.6853133	0	1.80267
14.33533017	92.38939146	0	1.80268
14.38462781	92.09346961	0	1.8027
14.43392546	91.79754776	0	1.80272
14.4832232	91.50162592	0	1.80274
14.5325211	91.20570411	0	1.80275
14.58181923	90.90978234	0	1.80277
14.6311176	90.61386061	0	1.80279
14.68041617	90.31793891	0	1.8028
14.72971487	90.02201724	0	1.80282
14.77901358	89.72609556	0	1.80283
14.82831218	89.43017387	0	1.80285
14.87761055	89.13425214	0	1.80287
14.92690864	88.83833036	0	1.80288
14.9762064	88.54240853	0	1.8029
15.02550384	88.24648664	0	1.80292
15.074801	87.95056471	0	1.80294
15.124098	87.65464275	0	1.80295
15.17339493	87.35872078	0	1.80297
15.22269188	87.06279881	0	1.80299
15.27198888	86.76687686	0	1.80301
15.32128599	86.47095492	0	1.80302
15.37058321	86.17503299	0	1.80304
15.41988051	85.87911108	0	1.80306
15.46917786	85.58318918	0	1.80308
15.51847517	85.28726728	0	1.80309
15.56777236	84.99134535	0	1.80311
15.61706939	84.69542339	0	1.80313
15.66636628	84.39950142	0	1.80315
15.71566317	84.10357944	0	1.80317
15.7649602	83.80765749	0	1.80318
15.81425749	83.51173558	0	1.8032
15.86355509	83.21581372	0	1.80322
15.91285298	82.91989191	0	1.80323
15.96215103	82.62397012	0	1.80325
16.01144908	82.32804834	0	1.80327
16.06074696	82.03212653	0	1.80329
16.11004455	81.73620467	0	1.8033
16.15934175	81.44028274	0	1.80332
16.20863854	81.14436075	0	1.80334
16.25793496	80.84843869	0	1.80336
16.30723111	80.55251659	0	1.80338
16.3565271	80.25659446	0	1.80339
16.40582302	79.96067232	0	1.80341
16.4551189	79.66475018	0	1.80343
16.50441477	79.36882803	0	1.80345
16.55371056	79.07290587	0	1.80347
16.60300622	78.77698369	0	1.80349
16.65230168	78.48106147	0	1.80351
16.7015969	78.18513922	0	1.80353
16.75089187	77.88921692	0	1.80355
16.80018665	77.59329459	0	1.80357
16.84948131	77.29737224	0	1.80359
16.89877589	77.00144988	0	1.80361
16.94807043	76.70552751	0	1.80363
16.99736488	76.40960513	0	1.80365
17.04665923	76.11368273	0	1.80367
17.09595352	75.81776032	0	1.80369
17.14524776	75.5218379	0	1.80371
17.19454192	75.22591547	0	1.80373
17.2438359	74.929993	0	1.80375
17.29312956	74.63407049	0	1.80377
17.34242275	74.3381479	0	1.8038
17.39171533	74.0422252	0	1.80382
17.44100719	73.74630239	0	1.80384
17.49029835	73.45037945	0	1.80386
17.53958881	73.1544564	0	1.80389
17.58887861	72.85853325	0	1.80391
17.63816778	72.56260998	0	1.80394
17.68745641	72.26668663	0	1.80397
17.73674465	71.97076321	0	1.80399
17.78603266	71.67483976	0	1.80402
17.83532059	71.37891629	0	1.80405
17.88460852	71.08299281	0	1.80407
17.93389649	70.78706935	0	1.8041
17.98318454	70.4911459	0	1.80413
18.03247268	70.19522247	0	1.80415
18.08176095	69.89929906	0	1.80418
18.13104937	69.60337567	0	1.80421
18.18033795	69.30745231	0	1.80423
18.22962676	69.01152898	0	1.80426
18.27891583	68.7156057	0	1.80429
18.32820521	68.41968247	0	1.80431
18.37749491	68.1237593	0	1.80434
18.42678494	67.82783618	0	1.80436
18.47607533	67.53191312	0	1.80439
18.52536612	67.23599013	0	1.80441
18.57465732	66.9400672	0	1.80443
18.62394887	66.64414433	0	1.80446
18.67324068	66.34822151	0	1.80448
18.7225326	66.05229871	0	1.8045
18.77182448	65.75637589	0	1.80453
18.82111617	65.46045305	0	1.80455
18.87040752	65.16453015	0	1.80457
18.91969843	64.86860718	0	1.8046
18.96898888	64.57268413	0	1.80462
19.01827907	64.27676103	0	1.80465
19.06756963	63.980838	0	1.80467
19.11686176	63.68491523	0	1.80469
19.16615747	63.38899306	0	1.80471
19.21545953	63.09307194	0	1.80473
19.26477128	62.79715244	0	1.80473
19.31409602	62.5012351	0	1.80472
19.36343581	62.20532028	0	1.80469
19.41278936	61.90940774	0	1.80465
19.46214917	61.61349625	0	1.80461
19.51149773	61.31758289	0	1.80457
19.56080301	61.02166231	0	1.80458
19.61001414	60.72572607	0	1.80469
19.65905962	60.42976234	0	1.80496
19.70785094	60.13375662	0	1.80549
19.75629717	59.83769426	0	1.80637
19.80432565	59.54156386	0	1.80767
19.85189775	59.24535981	0	1.80944
19.89902126	58.94908404	0	1.81166
19.94577406	58.65274952	1	1.81432
19.99231376	58.35638141	1	1.81738
20.03887101	58.06001607	1	1.82034
20.08574644	57.76370098	1	1.82234
20.13330367	57.46749479	1	1.82277
20.18194432	57.17146497	1	1.82143
20.23209615	56.87568802	1	1.81842
20.28423332	56.58025544	1	1.81394
20.3388675	56.28527559	1	1.80836
20.39653471	55.99087514	1	1.80208
20.45782086	55.69720878	1	1.79561
20.52333386	55.40445864	1	1.78955
20.59366319	55.11283074	1	1.78388
20.66942343	54.8225696	1	1.77875
20.75124713	54.5339628	1	1.77423
20.83974281	54.24733543	1	1.77038
20.93541362	53.9630257	1	1.76706
21.03864159	53.68137502	1	1.76381
21.14969182	53.40271772	1	1.76033
21.26867044	53.12735353	1	1.75646
21.39571031	52.85561737	1	1.75215
21.5310865	52.58794109	1	1.74736
21.67510995	52.3248212	1	1.742
21.82807098	52.06679982	1	1.73579
21.99020189	51.81444423	1	1.73001
22.161645	51.56832474	1	1.7238
22.34244838	51.32900056	1	1.71654
22.53256378	51.09700798	1	1.70788
22.73187034	50.87286464	1	1.69808
22.94013834	50.65702327	1	1.69117
23.15703394	50.44985291	1	1.6827
23.3822024	50.25170622	1	1.67468
23.61533627	50.06299859	1	1.66872
23.85613364	49.88417537	1	1.66263
24.10420882	49.7155928	1	1.65993
24.35904082	49.55740351	1	1.65855
24.62002593	49.40957824	1	1.66079
24.88651928	49.27191884	1	1.66418
25.1578684	49.14408379	1	1.6738
25.43347541	49.02569543	1	1.68776
25.7127715	48.9162781	1	1.7052
25.99520623	48.81522098	1	1.72693
26.2802945	48.72189655	1	1.75398
26.56760657	48.63564449	1	1.78736
26.85673439	48.55567078	1	1.82568
27.14731328	48.48112476	1	1.86852
27.43903663	48.41117647	1	1.91837
27.73166135	48.34508987	1	1.97326
28.02500019	48.28224068	1	2.03286
28.31892752	48.22220019	1	2.09855
28.61339209	48.16485292	1	2.16932
28.90837234	48.1102201	1	2.2434
29.20383775	48.05827424	1	2.32056
29.4997525	48.0089515	1	2.40047
29.79607261	47.96212296	1	2.48285
30.09274915	47.91760598	1	2.56665
30.38973372	47.87518948	1	2.65124
30.68698479	47.83468085	1	2.73723
30.98446951	47.79592358	1	2.82397
31.28216089	47.75878571	1	2.91087
31.58004695	47.72324375	1	2.99734
31.87813481	47.68943879	1	3.08238
32.17643354	47.65755037	1	3.1653
32.47493386	47.6276064	1	3.24582
32.77360698	47.59943395	1	3.3239
33.07241718	47.57275046	0	3.39992
33.37133458	47.54729313	0	3.47435
33.67033523	47.52283059	0	3.54757
33.9694017	47.49918532	0	3.61984
34.26852172	47.47622631	0	3.69134
34.56767927	47.45376015	0	3.76249
34.86685974	47.43160098	0	3.83356
35.16605302	47.40961505	0	3.9046
35.46524698	47.38763845	0	3.97561
35.76443004	47.3655141	0	4.04672
36.06359854	47.3431937	0	4.118
36.36275388	47.32069766	0	4.18945
36.66189718	47.29804192	0	4.26106
36.96103001	47.27524842	0	4.33281
37.26015476	47.25234899	0	4.40466
37.55927407	47.22937857	0	4.47657
37.85839071	47.20637353	0	4.54852
38.15750723	47.18336679	0	4.62048
38.45662489	47.16037495	0	4.69241
38.75574332	47.1373931	0	4.76434
39.05486125	47.11440479	0	4.83628
39.35397765	47.09139653	0	4.90823
39.65309216	47.0683637	0	4.98021
39.95220475	47.04530597	0	5
40.25131528	47.02222159	0	5
40.55042347	46.9991069	0	5
40.84952901	46.9759579	0	5
41.1486315	46.95276947	0	5
41.44773027	46.9295333	0	5
41.74682485	46.90624312	0	5
42.04591544	46.88290179	0	5
42.34500278	46.85951881	0	5
42.64408772	46.83610516	0	5
42.94317108	46.81267128	0	5
43.24225359	46.78922663	0	5
43.5413359	46.76577944	0	5
43.84041853	46.74233631	0	5
44.13950185	46.71890203	0	5
44.43858608	46.69547933	0	5
44.73767126	46.67206869	0	5
45.03675724	46.64866832	0	5
45.33584371	46.62527433	0	5
45.63493032	46.60188192	0	5
45.93401677	46.57848765	0	5
46.23310303	46.55509084	0	5
46.53218916	46.53169239	0	5
46.83127521	46.50829291	0	5
47.13036118	46.48489244	0	5
47.42944706	46.46149082	0	5
47.72853284	46.43808795	0	5
48.02761854	46.41468396	0	5
48.32670417	46.39127923	0	5
48.62578978	46.36787411	0	5
48.92487538	46.34446888	0	5
49.22396099	46.32106373	0	5
49.52304661	46.2976588	0	5
49.82213225	46.27425415	0	5
50.12121792	46.25084982	0	5
50.42030361	46.2274458	0	5
50.71938933	46.20404204	0	5
51.01847506	46.18063849	0	5
51.31756084	46.15723557	0	5
51.6166468	46.13383504	0	4.96022
51.91573315	46.11043941	0	4.88857
52.21481969	46.08704622	0	4.81693
52.5139053	46.06364106	0	4.74527
52.81298876	46.04020855	0	4.67359
53.11206994	46.0167469	0	4.60187
53.41114929	45.99326209	0	4.53014
53.71022729	45.96975987	0	4.45839
54.00930456	45.94624844	0	4.38663
54.30838299	45.92275186	0	4.31488
54.60746627	45.89931708	0	4.2432
54.90655879	45.87600059	0	4.17163
55.20566683	45.85288418	0	4.10025
55.50479792	45.83006843	0	4.02917
55.80395398	45.80758228	0	3.95841
56.10313193	45.78538908	0	3.88793
56.40233479	45.76353488	0	3.81779
56.70156037	45.7419933	0	3.74795
57.00079017	45.72051015	0	3.67816
57.30000722	45.69885049	0	3.60821
57.59919926	45.67684877	0	3.53792
57.89834473	45.65422516	0	3.46702
58.19742267	45.63072706	0	3.39527
58.49641741	45.60619473	1	3.32252
58.79530379	45.58037977	1	3.24852
59.09405698	45.55306811	1	3.17306
59.39265565	45.52411822	1	3.09601
59.6910706	45.49333554	1	3.01718
59.98927661	45.46059132	1	2.93645
60.28725193	45.42581185	1	2.85648
60.58496615	45.38886628	1	2.7777
60.88238884	45.34964394	1	2.70009
61.17949353	45.30808214	1	2.6262
61.47624375	45.26406319	1	2.5563
61.77261228	45.21754289	1	2.48736
62.06857254	45.16849376	1	2.42268
62.36410699	45.1169393	1	2.36255
62.65921894	45.06301741	1	2.30402
62.95392132	45.00689819	1	2.25096
63.24824434	44.94881994	1	2.20402
63.54220573	44.88893772	1	2.16037
63.83580238	44.82729195	1	2.122
64.1290005	44.76377944	1	2.09169
64.42172344	44.69811471	1	2.06617
64.71384542	44.62983211	1	2.04645
65.00520641	44.55837851	1	2.03374
65.29560379	44.48311471	1	2.02588
65.58475084	44.40319698	1	2.01947
65.8722842	44.31767288	1	2.02327
66.15781833	44.22570839	1	2.02966
66.44091129	44.12650302	1	2.03704
66.72103353	44.01921349	1	2.04429
66.99764513	43.90318585	1	2.06219
67.27016518	43.77786446	1	2.07766
67.53796746	43.64276655	1	2.09208
67.80047221	43.49764919	1	2.11026
68.05714948	43.34246124	1	2.13207
68.30750551	43.17727113	1	2.15084
68.55114173	43.00231975	1	2.16629
68.78776074	42.81798525	1	2.1954
69.01716398	42.62473997	1	2.22206
69.23929287	42.42316876	1	2.24635
69.45425681	42.2139655	1	2.27985
69.66230546	41.99787604	1	2.31414
69.86384323	41.77569325	1	2.35378
70.05935781	41.54818512	1	2.39573
70.24952778	41.31618254	1	2.44221
70.43507341	41.08045941	1	2.49883
70.61667809	40.84168213	1	2.55911
70.79501989	40.60045437	1	2.62353
70.97070813	40.35728475	1	2.69273
71.14428649	40.11260284	1	2.77269
71.31617355	39.86672896	1	2.85552
71.48675567	39.61994712	1	2.94249
71.65637332	39.37250098	1	3.03845
71.8252654	39.12455881	1	3.13875
71.99354596	38.87620114	1	3.24263
72.1613182	38.62749971	0	3.35016
72.32862152	38.3784826	0	3.46397
72.49548314	38.12916927	0	3.57967
72.66191052	37.87956587	0	3.69835
72.82790957	37.62967738	0	3.81957
72.99349247	37.37951296	0	3.94231
73.15867765	37.12908572	0	4.06627
73.32350444	36.87842242	0	4.19142
73.48797607	36.62752595	0	4.31625
73.65209625	36.37639944	0	4.44024
73.81583567	36.12502453	0	4.56361
73.97915743	35.87337807	0	4.68652
74.14206586	35.62146383	0	4.80899
74.30453037	35.3692631	0	4.93097
74.46650961	35.11675045	0	5
74.62802065	34.86393804	0	5
74.78906262	34.61082659	0	5
74.94959561	34.35739206	0	5
75.1096151	34.10363297	0	5
75.26913452	33.84955922	0	5
75.42812833	33.59515625	0	5
75.5865672	33.34040732	0	5
75.74446889	33.08532505	0	5
75.90185612	32.82992503	0	5
76.05871668	32.57420122	0	5
76.21504973	32.31815457	0	5
76.37090135	32.06181455	0	5
76.52630532	31.8052029	0	5
76.68125586	31.54831721	0	5
76.8357668	31.29116684	0	5
76.98988742	31.03378233	0	5
77.14365523	30.77618686	0	5
77.29708502	30.51838992	0	5
77.45019401	30.26040231	0	5
77.60301711	30.00224524	0	5
77.75560017	29.7439462	0	5
77.90797668	29.48552525	0	5
78.06016739	29.22699483	0	5
78.2121942	28.968368	0	5
78.36408901	28.70966361	0	5
78.51589174	28.45090517	0	5
78.66763705	28.19211305	0	5
78.81934985	27.93330187	0	5
78.97104769	27.67448192	0	5
79.12274177	27.41565977	0	5
79.27443568	27.15683752	0	5
79.42611778	26.89800835	0	5
79.57775788	26.63915457	0	5
79.72931862	26.38025432	0	5
79.88076892	26.12128945	0	5
80.03208709	25.86224736	0	5
80.18326259	25.60312198	0	5
80.3343235	25.34392978	0	5
80.48534679	25.08471565	0	5
80.63642927	24.82553602	0	5
80.78768083	24.56645504	0	5
80.93923787	24.30755271	0	5
81.09124312	24.04891335	0	5
81.24382551	23.79061413	0	5
81.39711659	23.532735	0	5
81.55121125	23.2753353	0	5
81.70615685	23.01844697	0	5
81.86198438	22.7620927	0	5
82.01877259	22.506325	0	5
82.17657103	22.25117935	0	5
82.33541898	21.99668586	0	5
82.49540985	21.7429095	0	5
82.65663125	21.48991323	0	5
82.81918678	21.23777233	0	4.88706
82.9831971	20.98657555	0	4.76733
83.1487829	20.73641477	0	4.64651
83.31609139	20.48740327	0	4.52429
83.48525247	20.23964686	0	4.39973
83.6563275	19.99320825	0	4.27246
83.82934063	19.74812649	0	4.14267
84.00428589	19.50442013	0	4.01068
84.18111977	19.26208053	0	3.87714
84.35976511	19.02107295	1	3.74283
84.54016962	18.78137931	1	3.60851
84.72231048	18.54300239	1	3.47486
84.90616228	18.30594251	1	3.34266
85.0917559	18.07024405	1	3.21202
85.27914885	17.83597378	1	3.08365
85.46841421	17.60321394	1	2.95908
85.65961913	17.37204495	1	2.83706
85.85282045	17.14254214	1	2.71877
86.04808225	16.91479012	1	2.60564
86.24542476	16.68883862	1	2.49715
86.44482506	16.46470096	1	2.39329
86.64620851	16.24234306	1	2.29349
86.84945456	16.02168593	1	2.20033
87.05438609	15.80259257	1	2.11137
87.26088818	15.58497877	1	2.0292
87.46891068	15.36881777	1	1.95213
87.67841941	15.15409692	1	1.88238
87.88955353	14.94097511	1	1.82023
88.10258913	14.72975538	1	1.76454
88.3179014	14.52085951	1	1.71525
88.53597259	14.31484927	1	1.6751
88.75728704	14.11233172	1	1.64164
88.98234145	13.91398503	1	1.61441
89.21164402	13.72057296	1	1.59309
89.4456334	13.53286631	1	1.57897
89.68467026	13.35164034	1	1.57295
89.92906079	13.17771216	1	1.57206
90.17903492	13.01192027	1	1.57554
90.43473008	12.85510769	1	1.58365
90.69619189	12.70812425	1	1.59646
90.96337248	12.5718264	1	1.61348
91.23609935	12.4470079	1	1.63265
91.51406875	12.33435659	1	1.65225
91.79687201	12.23446675	1	1.67203
92.08398592	12.14774142	1	1.69148
92.37480839	12.07440186	1	1.71152
92.66868417	12.01443778	1	1.73017
92.96494083	11.96760022	1	1.74699
93.26292901	11.93341359	1	1.76116
93.56205321	11.91116573	1	1.7726
93.86180232	11.89996739	1	1.78162
94.16176608	11.89878386	1	1.78856
94.46163949	11.90652029	1	1.79379
94.76121796	11.92203205	1	1.79783
95.06037665	11.94427782	1	1.80111
95.35905943	11.97224291	1	1.80391
95.65725346	12.0050388	1	1.80653
95.95497274	12.04191472	0	1.80892
96.25225555	12.08217181	0	1.81085
96.54914816	12.12522055	0	1.81239
96.84571278	12.17048073	0	1.81346
97.14201974	12.21740269	0	1.81399
97.43812766	12.26556707	0	1.81403
97.73409191	12.31460815	0	1.81348
98.02996471	12.36419886	0	1.81238
98.32579014	12.41407177	0	1.81094
98.62160271	12.46402102	0	1.80924
98.91742742	12.51389824	0	1.80747
99.21328198	12.56359801	0	1.80582
99.50917783	12.61305132	0	1.80442
99.80512031	12.66222479	0	1.80332
100.1011095	12.71111633	0	1.80251
100.3971415	12.75974776	0	1.80195
100.69321	12.80815708	0	1.80162
100.9893072	12.85639026	0	1.80146
101.2854253	12.90449474	0	1.80143
101.5815572	12.95251498	0	1.80149
101.8776967	13.00048782	0	1.8016
102.1738395	13.04843999	0	1.80173
102.469983	13.09638845	0	1.80186
102.7661256	13.14434225	0	1.80199
103.0622667	13.19230492	0	1.8021
103.3584064	13.24027661	0	1.80221
103.6545449	13.28825583	0	1.80231
103.9506824	13.33624063	0	1.80241
104.2468194	13.38422932	0	1.8025
104.5429559	13.4322207	0	1.80259
104.8390921	13.48021404	0	1.80267
105.135228	13.52820883	0	1.80276
105.4313638	13.57620477	0	1.80284
105.7274994	13.62420182	0	1.80293
106.0236347	13.67220023	0	1.80301
106.3197698	13.72020043	0	1.80309
106.6159045	13.76820281	0	1.80316
106.9120388	13.81620762	0	1.80324
107.2081727	13.86421499	0	1.80331
107.5043062	13.912225	0	1.80338
107.8004393	13.96023779	0	1.80345
108.0965718	14.00825358	0	1.80351
108.3927038	14.0562726	0	1.80357
108.6888353	14.10429506	0	1.80363
108.9849662	14.15232107	0	1.80368
109.2810965	14.20035063	0	1.80373
109.5772262	14.2483836	0	1.80378
109.8733555	14.29641978	0	1.80382
110.1694842	14.34445888	0	1.80386
110.4656126	14.39250064	0	1.8039
110.7617405	14.44054485	0	1.80393
111.0578681	14.48859137	0	1.80396
111.3539953	14.53664001	0	1.804
111.6501222	14.58469053	0	1.80402
111.9462488	14.63274267	0	1.80405
112.2423753	14.68079618	0	1.80408
112.5385015	14.72885091	0	1.8041
112.8346275	14.77690682	0	1.80412
113.1307534	14.82496389	0	1.80415
113.4268791	14.87302203	0	1.80417
113.7230046	14.92108106	0	1.80419
114.01913	14.96914088	0	1.8042
114.3152552	15.0172016	0	1.80422
114.6113803	15.06526344	0	1.80424
114.9075052	15.11332674	0	1.80426
115.2036297	15.16139185	0	1.80427
115.4997539	15.2094593	0	1.80428
115.7958775	15.25752999	0	1.80429
116.0920004	15.30560528	0	1.80429
116.3881223	15.35368661	0	1.80429
116.6842431	15.40177453	0	1.80428
116.9803632	15.44986697	0	1.80427
117.2764837	15.4979571	0	1.80425
117.5726069	15.54603038	0	1.80426
117.868737	15.5940614	0	1.80431
118.1648802	15.64201148	0	1.80444
118.4610449	15.68982852	0	1.8047
118.7572409	15.73745126	0	1.80516
119.0534774	15.78482094	0	1.80588
119.3497609	15.83189644	0	1.8069
119.6460936	15.87866087	0	1.80823
119.9424736	15.9251246	0	1.8099
120.2388938	15.97133131	0	1.81192
120.5353372	16.01738872	0	1.81404
120.8317769	16.06347013	0	1.8158
121.128178	16.10979885	0	1.81683
121.4244982	16.15664185	0	1.81688
121.7206894	16.20429244	0	1.81598
122.0166949	16.25308126	0	1.81418
122.3124462	16.30338537	0	1.81169
122.6078651	16.35560248	0	1.80876
122.9028562	16.41017982	0	1.80564
123.1973002	16.46762904	0	1.80273
123.4910572	16.52848592	0	1.80025
123.7839661	16.59329395	0	1.79813
124.0758427	16.66259391	1	1.79649
124.3664661	16.73696366	1	1.79606
124.6555632	16.81704896	1	1.79601
124.9428138	16.9035102	1	1.79552
125.2278629	16.99696164	1	1.796
125.5103247	17.09795209	1	1.7967
125.7897555	17.20703559	1	1.79597
126.0656507	17.32476241	1	1.79522
126.3374546	17.45163691	1	1.79458
126.6045822	17.5880714	1	1.79216
126.8664193	17.73439265	1	1.79012
127.1223076	17.89087503	1	1.78926
127.3715561	18.0577219	1	1.78657
127.6134406	18.23506787	1	1.78511
127.8472174	18.42296558	1	1.78227
128.0721503	18.62135954	1	1.78126
128.2874978	18.83011358	1	1.77957
128.4925121	19.04902006	1	1.77864
128.6864688	19.27777805	1	1.77826
128.8687006	19.51598003	1	1.77832
129.0386171	19.76311719	1	1.77641
129.1957286	20.01858714	1	1.77869
129.3396535	20.28171383	1	1.77887
129.4700984	20.55177964	1	1.77949
129.5868668	20.82803741	1	1.77888
129.6898715	21.10972052	1	1.78106
129.7791236	21.39606251	1	1.78088
129.8547761	21.68629908	1	1.78286
129.917151	21.97968167	1	1.78254
129.9667105	22.27550495	1	1.78313
130.0040353	22.57312567	1	1.78412
130.0297825	22.87197652	1	1.78395
130.0447071	23.17156882	1	1.7846
130.0496836	23.47149733	1	1.78675
130.0456489	23.77144554	1	1.78887
130.033529	24.07118074	1	1.7914
130.0141849	24.37054042	1	1.79445
129.9884969	24.66942627	1	1.79907
129.957347	24.96779552	1	1.80434
129.9216081	25.26565268	1	1.81003
129.8820697	25.56303134	1	1.81618
129.8394514	25.85998579	1	1.82266
129.7944354	26.15658744	1	1.82898
129.7476359	26.4529137	1	1.83462
129.6996159	26.74904516	1	1.83915
129.6508611	27.0450568	1	1.84228
129.6017397	27.34100794	1	1.8439
129.5525543	27.63694847	1	1.84404
129.5035575	27.93292025	1	1.843
129.4549229	28.22895174	1	1.8411
129.4067577	28.52505993	0	1.83876
129.3591133	28.82125235	0	1.83642
129.3119713	29.11752516	0	1.83447
129.2652555	29.4138655	0	1.83316
129.218862	29.7102565	0	1.8326
129.1726839	30.00668116	0	1.83263
129.1266315	30.30312538	0	1.83282
129.0806396	30.59957899	0	1.83297
129.0346662	30.89603548	0	1.83309
128.9886883	31.19249126	0	1.83321
128.9426962	31.48894485	0	1.83332
128.8966883	31.78539598	0	1.83341
128.8506668	32.08184499	0	1.83348
128.8046352	32.37829245	0	1.83355
128.7585971	32.67473889	0	1.83361
128.7125555	32.97118478	0	1.83366
128.6665124	33.26763045	0	1.83372
128.6204691	33.56407609	0	1.83377
128.5744265	33.86052183	0	1.83382
128.5283846	34.15696768	0	1.83388
128.4823435	34.45341365	0	1.83393
128.436303	34.74985972	0	1.83399
128.390263	35.04630587	0	1.83405
128.3442233	35.34275207	0	1.83411
128.298184	35.63919832	0	1.83416
128.2521449	35.93564461	0	1.83422
128.2061059	36.23209092	0	1.83428
128.1600673	36.52853728	0	1.83434
128.1140288	36.82498366	0	1.8344
128.0679905	37.12143008	0	1.83445
128.0219525	37.41787653	0	1.83451
127.9759146	37.714323	0	1.83457
127.9298768	38.01076949	0	1.83463
127.8838391	38.30721599	0	1.83469
127.8378014	38.6036625	0	1.83475
127.7917636	38.90010899	0	1.83481
127.7457257	39.19655547	0	1.83487
127.6996877	39.49300192	0	1.83493
127.6536494	39.78944834	0	1.83499
127.6076109	40.08589471	0	1.83505
127.5615721	40.38234105	0	1.8351
127.5155331	40.67878735	0	1.83516
127.4694937	40.9752336	0	1.83522
127.4234542	41.27167981	0	1.83528
127.3774143	41.56812599	0	1.83533
127.3313742	41.86457212	0	1.83539
127.2853338	42.16101821	0	1.83545
127.2392933	42.45746426	0	1.8355
127.1932525	42.75391029	0	1.83556
127.1472115	43.05035629	0	1.83562
127.1011705	43.34680227	0	1.83567
127.0551293	43.64324824	0	1.83573
127.009088	43.93969418	0	1.83578
126.9630465	44.23614011	0	1.83584
126.917005	44.53258602	0	1.8359
126.8709634	44.82903191	0	1.83595
126.8249216	45.12547779	0	1.83601
126.7788798	45.42192365	0	1.83606
126.7328378	45.71836949	0	1.83612
126.6867959	46.01481533	0	1.83617
126.6407538	46.31126117	0	1.83623
126.5947118	46.60770699	0	1.83628
126.5486696	46.90415281	0	1.83634
126.5026274	47.20059861	0	1.83639
126.4565849	47.49704438	0	1.83645
126.4105423	47.79349012	0	1.8365
126.3644995	48.08993582	0	1.83655
126.3184564	48.3863815	0	1.83661
126.2724132	48.68282715	0	1.83666
126.2263699	48.97927278	0	1.83672
126.1803266	49.27571841	0	1.83677
126.1342833	49.57216405	0	1.83682
126.0882402	49.86860971	0	1.83688
126.0421973	50.16505541	0	1.83693
125.9961545	50.46150113	0	1.83699
125.9501119	50.75794687	0	1.83704
125.9040694	51.05439262	0	1.83709
125.8580267	51.35083835	0	1.83715
125.8119837	51.64728404	0	1.8372
125.7659405	51.94372968	0	1.83726
125.7198968	52.24017526	0	1.83731
125.6738527	52.53662077	0	1.83736
125.6278083	52.83306623	0	1.83742
125.5817635	53.12951163	0	1.83747
125.5357183	53.42595697	0	1.83752
125.4896728	53.72240227	0	1.83757
125.4436269	54.01884751	0	1.83762
125.3975807	54.31529269	0	1.83767
125.3515341	54.61173781	0	1.83772
125.3054871	54.90818287	0	1.83777
125.2594396	55.20462785	0	1.83782
125.2133916	55.50107276	0	1.83787
125.1673431	55.79751758	0	1.83792
125.121294	56.09396232	0	1.83797
125.0752445	56.39040698	0	1.83801
125.0291944	56.68685157	0	1.83806
124.9831439	56.98329609	0	1.83811
124.937093	57.27974054	0	1.83815
124.8910417	57.57618493	0	1.8382
124.8449901	57.87262927	0	1.83825
124.7989381	58.16907356	0	1.83829
124.7528856	58.46551777	0	1.83833
124.7068327	58.76196192	0	1.83838
124.6607792	59.05840596	0	1.83842
124.6147249	59.35484989	0	1.83846
124.5686698	59.6512937	0	1.83851
124.5226138	59.94773736	0	1.83855
124.4765569	60.24418088	0	1.83859
124.4304992	60.54062427	0	1.83863
124.3844406	60.83706752	0	1.83866
124.3383811	61.13351066	0	1.8387
124.2923209	61.42995366	0	1.83874
124.2462599	61.72639654	0	1.83877
124.200198	62.02283929	0	1.83881
124.1541352	62.3192819	0	1.83884
124.1080715	62.61572436	0	1.83888
124.0620068	62.91216667	0	1.83891
124.0159412	63.20860885	0	1.83894
123.9698749	63.5050509	0	1.83897
123.9238079	63.80149286	0	1.839
123.8777404	64.09793473	0	1.83903
123.8316725	64.39437654	0	1.83906
123.7856041	64.69081829	0	1.83909
123.7395355	64.98725998	0	1.83911
123.6934665	65.28370163	0	1.83914
123.6473972	65.58014323	0	1.83917
123.6013277	65.87658478	0	1.8392
123.5552579	66.1730263	0	1.83922
123.5091879	66.46946779	0	1.83925
123.4631178	66.76590927	0	1.83928
123.4170477	67.06235074	0	1.8393
123.3709777	67.35879223	0	1.83933
123.3249078	67.65523372	0	1.83936
123.278838	67.95167524	0	1.83938
123.2327681	68.24811675	0	1.83941
123.1866982	68.54455825	0	1.83944
123.1406282	68.84099973	0	1.83946
123.094558	69.13744119	0	1.83949
123.0484876	69.43388261	0	1.83952
123.0024169	69.73032399	0	1.83954
122.956346	70.02676534	0	1.83957
122.9102748	70.32320664	0	1.83959
122.8642033	70.6196479	0	1.83962
122.8181315	70.9160891	0	1.83964
122.7720593	71.21253025	0	1.83967
122.7259868	71.50897135	0	1.83969
122.6799141	71.8054124	0	1.83972
122.633841	72.10185342	0	1.83974
122.5877677	72.39829438	0	1.83976
122.541694	72.6947353	0	1.83979
122.4956199	72.99117616	0	1.83981
122.4495454	73.28761694	0	1.83983
122.4034704	73.58405764	0	1.83985
122.3573947	73.88049824	0	1.83987
122.3113183	74.17693874	0	1.83989
122.265241	74.4733791	0	1.83991
122.2191684	74.76982017	0	1.83994
122.1731011	75.06626208	0	1.83997
122.1270368	75.36270446	0	1.84
122.0809732	75.65914694	0	1.84003
122.034908	75.95558917	0	1.84006
121.988839	76.25203081	0	1.84009
121.9427642	76.54847155	0	1.84011
121.8966815	76.84491107	0	1.84013
121.8505894	77.14134911	0	1.84013
121.8044863	77.43778545	0	1.84012
121.758371	77.73421989	0	1.8401
121.7122425	78.03065229	0	1.84007
121.6661002	78.32708253	0	1.84003
121.6199434	78.62351051	0	1.83996
121.5737717	78.91993618	0	1.83989
121.5714107	78.93509403	0	1.83988
