120.9755581	78.8713015	0	1.24131
120.9293667	79.1677241	0	1.24121
120.8831593	79.4641442	0	1.2411
120.8369366	79.76056192	0	1.24097
120.7906994	80.05697737	0	1.24083
120.744449	80.35339076	0	1.24067
120.6981866	80.64980229	0	1.2405
120.6519138	80.94621219	0	1.24032
120.6056324	81.24262074	0	1.24014
120.5593441	81.53902823	0	1.23994
120.5130511	81.83543497	0	1.23974
120.4667555	82.13184131	0	1.23954
120.4204596	82.4282476	0	1.23934
120.3741658	82.72465421	0	1.23914
120.3278765	83.02106154	0	1.23894
120.2815921	83.31746963	0	1.23875
120.235309	83.61387791	0	1.23857
120.1890257	83.91028618	0	1.23838
120.1427423	84.20669442	0	1.23819
120.0964589	84.50310265	0	1.238
120.0501753	84.79951087	0	1.23781
120.0038915	85.09591905	0	1.23762
119.9576075	85.39232721	0	1.23743
119.9113233	85.68873532	0	1.23724
119.8650388	85.98514339	0	1.23705
119.818754	86.28155142	0	1.23686
119.772469	86.57795941	0	1.23667
119.7261838	86.87436738	0	1.23648
119.6798985	87.17077532	0	1.23628
119.633613	87.46718324	0	1.23609
119.5873274	87.76359114	0	1.2359
119.5410417	88.05999903	0	1.23571
119.494756	88.3564069	0	1.23552
119.4484702	88.65281477	0	1.23533
119.4021844	88.94922264	0	1.23513
119.3558986	89.24563052	0	1.23494
119.3096128	89.54203838	0	1.23475
119.2633269	89.83844623	0	1.23456
119.2170408	90.13485405	0	1.23437
119.1707545	90.43126184	0	1.23418
119.1244679	90.72766959	0	1.23398
119.078181	91.02407729	0	1.23379
119.0318938	91.32048494	0	1.2336
118.9856062	91.61689253	0	1.2334
118.9393182	91.91330005	0	1.23321
118.8930296	92.20970748	0	1.23301
118.8467403	92.5061148	0	1.23282
118.8004501	92.80252199	0	1.23262
118.754159	93.09892903	0	1.23243
118.7078669	93.39533591	0	1.23223
118.6615737	93.69174262	0	1.23203
118.6152794	93.98814916	0	1.23183
118.568984	94.28455554	0	1.23163
118.5226877	94.58096177	0	1.23142
118.4763905	94.87736786	0	1.23122
118.4300926	95.17377383	0	1.23102
118.383794	95.4701797	0	1.23081
118.3374948	95.76658549	0	1.23061
118.2911952	96.0629912	0	1.2304
118.2448952	96.35939685	0	1.2302
118.1985949	96.65580245	0	1.22999
118.1522943	96.95220801	0	1.22978
118.1059936	97.24861355	0	1.22958
118.0596927	97.54501906	0	1.22937
118.0133917	97.84142456	0	1.22916
117.9670906	98.13783003	0	1.22895
117.9207893	98.43423547	0	1.22875
117.8744878	98.73064089	0	1.22854
117.8281861	99.02704628	0	1.22833
117.7818842	99.32345164	0	1.22812
117.7355822	99.61985698	0	1.22792
117.6892801	99.91626229	0	1.22771
117.6429778	100.2126676	0	1.2275
117.5966752	100.5090728	0	1.22729
117.5503723	100.805478	0	1.22708
117.504069	101.1018832	0	1.22687
117.457765	101.3982882	0	1.22666
117.4114604	101.6946931	0	1.22645
117.3651551	101.9910979	0	1.22624
117.318849	102.2875027	0	1.22603
117.2725423	102.5839073	0	1.22581
117.2262349	102.8803118	0	1.2256
117.1799269	103.1767162	0	1.22539
117.1336184	103.4731205	0	1.22517
117.0873092	103.7695247	0	1.22496
117.0409996	104.0659288	0	1.22474
116.9946894	104.3623329	0	1.22452
116.9483787	104.6587369	0	1.22431
116.9020674	104.9551408	0	1.22409
116.8557556	105.2515446	0	1.22387
116.8094431	105.5479483	0	1.22365
116.7631301	105.8443519	0	1.22343
116.7168165	106.1407554	0	1.22321
116.6705023	106.4371588	0	1.22299
116.6241876	106.7335622	0	1.22277
116.5778724	107.0299655	0	1.22255
116.5315569	107.3263687	0	1.22233
116.485241	107.6227719	0	1.22211
116.4389251	107.919175	0	1.22188
116.392609	108.2155782	0	1.22166
116.346293	108.5119813	0	1.22144
116.2999771	108.8083845	0	1.22122
116.2536612	109.1047877	0	1.221
116.2073453	109.4011908	0	1.22077
116.1610293	109.697594	0	1.22055
116.1147133	109.9939971	0	1.22033
116.0683971	110.2904003	0	1.22011
116.0220807	110.5868033	0	1.21988
115.9757642	110.8832064	0	1.21966
115.9294474	111.1796094	0	1.21944
115.8831305	111.4760124	0	1.21921
115.8368133	111.7724154	0	1.21899
115.7904959	112.0688183	0	1.21877
115.7441783	112.3652212	0	1.21854
115.6978605	112.6616241	0	1.21832
115.6515426	112.958027	0	1.2181
115.6052244	113.2544298	0	1.21787
115.558906	113.5508326	0	1.21765
115.5125873	113.8472353	0	1.21742
115.4662684	114.143638	0	1.2172
115.4199493	114.4400406	0	1.21697
115.37363	114.7364433	0	1.21674
115.3273105	115.0328459	0	1.21652
115.280991	115.3292485	0	1.21629
115.2346714	115.6256511	0	1.21607
115.1883516	115.9220536	0	1.21584
115.1420318	116.2184562	0	1.21561
115.0957118	116.5148587	0	1.21539
115.0493915	116.8112612	0	1.21516
115.0030711	117.1076637	0	1.21493
114.9567502	117.4040661	0	1.21471
114.910429	117.7004684	0	1.21448
114.8641074	117.9968707	0	1.21425
114.8177854	118.2932729	0	1.21402
114.771463	118.589675	0	1.2138
114.7251402	118.8860771	0	1.21357
114.6788171	119.1824792	0	1.21334
114.6324938	119.4788812	0	1.21311
114.5861702	119.7752831	0	1.21288
114.5398465	120.0716851	0	1.21265
114.4935227	120.368087	0	1.21242
114.4471989	120.664489	0	1.21219
114.4008751	120.9608909	0	1.21196
114.3545515	121.2572929	0	1.21173
114.308228	121.5536948	0	1.2115
114.2619047	121.8500968	0	1.21127
114.2155815	122.1464989	0	1.21104
114.1692585	122.4429009	0	1.21081
114.1229356	122.739303	0	1.21058
114.076613	123.0357051	0	1.21035
114.0302905	123.3321073	0	1.21012
113.9839682	123.6285094	0	1.20989
113.9376462	123.9249116	0	1.20966
113.8913244	124.2213139	0	1.20944
113.845003	124.5177162	0	1.20921
113.7986819	124.8141185	0	1.20898
113.7523613	125.110521	0	1.20875
113.7060413	125.4069235	0	1.20853
113.6597217	125.7033261	0	1.2083
113.6134024	125.9997287	0	1.20808
113.5670827	126.2961313	0	1.20785
113.5207614	126.5925336	0	1.20762
113.4744365	126.8889354	0	1.20739
113.4281051	127.1853361	0	1.20715
113.3817634	127.4817353	0	1.2069
113.3354072	127.7781321	0	1.20664
113.2890336	128.0745263	0	1.20636
113.2426427	128.3709177	0	1.20606
113.1962414	128.6673075	0	1.20575
113.1498486	128.9636987	0	1.20545
113.1035001	129.2600967	0	1.2052
113.0572554	129.556511	0	1.20505
113.0111998	129.8529547	0	1.20509
112.9654435	130.1494447	0	1.20543
112.9201141	130.4460003	0	1.2062
112.8753309	130.7426387	0	1.2075
112.8311695	131.0393704	0	1.20941
112.7876341	131.3361946	0	1.21203
112.7446368	131.6330972	0	1.21532
112.7020681	131.9300617	0	1.21905
112.6597923	132.227068	0	1.22284
112.6174994	132.5240719	0	1.22615
112.5748194	132.8210202	0	1.22857
112.5312175	133.1178341	0	1.22967
112.4861251	133.4144245	0	1.22928
112.43884	133.7106718	1	1.2273
112.3884922	134.0064118	1	1.22365
112.3341124	134.3014341	1	1.21862
112.2746653	134.5954734	1	1.2125
112.2090394	134.8881904	1	1.20571
112.1359799	135.1791348	1	1.19877
112.0542204	135.4677478	1	1.19194
111.9625014	135.7533436	1	1.18513
111.8595681	136.0350812	1	1.18064
111.7441638	136.311933	1	1.17356
111.6152091	136.5827248	1	1.17001
111.4717188	136.846086	1	1.16589
111.3128923	137.1004727	1	1.16024
111.1381766	137.3441969	1	1.15465
110.9472994	137.5754554	1	1.15192
110.7403124	137.7923845	1	1.1484
110.517649	137.9931607	1	1.14267
110.2801418	138.1761114	1	1.13858
110.0290082	138.3398397	1	1.13771
109.7657906	138.4833338	1	1.13351
109.4922578	138.6060445	1	1.13407
109.2102891	138.7079278	1	1.1341
108.9217513	138.7894396	1	1.13568
108.6283887	138.8514908	1	1.14129
108.3317373	138.8953544	1	1.14739
108.0330697	138.9224931	1	1.15855
107.7333932	138.9345352	1	1.17053
107.4334605	138.9331703	1	1.18536
107.1337931	138.9201205	1	1.2021
106.8347162	138.8970646	1	1.21709
106.5363981	138.8655826	1	1.23122
106.2388813	138.8271934	1	1.2428
105.9421135	138.7833432	1	1.25111
105.6459809	138.7353621	1	1.25566
105.3503412	138.6844158	0	1.25648
105.0550331	138.6315703	0	1.25406
104.7598924	138.5777939	0	1.24912
104.4647786	138.5238696	0	1.24259
104.1695884	138.470366	0	1.23543
103.8742403	138.4177429	0	1.22868
103.5786932	138.3662499	0	1.22319
103.2829506	138.3158912	0	1.21935
102.9870328	138.2665716	0	1.21707
102.6909762	138.218091	0	1.21575
102.3948247	138.1701929	0	1.21489
102.0986154	138.122653	0	1.21432
101.8023745	138.0753103	0	1.21395
101.5061193	138.0280575	0	1.21367
101.2098593	137.9808345	0	1.21342
100.9135992	137.9336119	0	1.21317
100.617341	137.8863778	0	1.21291
100.3210851	137.8391291	0	1.21264
100.0248313	137.7918669	0	1.21235
99.72857923	137.7445943	0	1.21205
99.4323283	137.6973145	0	1.21174
99.13607822	137.6500293	0	1.21143
98.83982892	137.6027392	0	1.21112
98.54358042	137.5554441	0	1.21079
98.24733278	137.5081436	0	1.21047
97.95108642	137.4608351	0	1.21013
97.65484222	137.4135131	0	1.20978
97.35860109	137.3661718	0	1.20941
97.06236326	137.31881	0	1.20902
96.76612804	137.2714317	0	1.20862
96.46989384	137.2240472	0	1.2082
96.17365834	137.1766707	0	1.2078
95.87741982	137.1293131	0	1.20741
95.5811762	137.0819875	0	1.20706
95.28491942	137.0347443	0	1.20679
94.98863675	136.9876639	0	1.20669
94.69231994	136.9407988	0	1.2068
94.39596757	136.8941591	0	1.20719
94.09958129	136.8477354	0	1.20793
93.80316406	136.8015097	0	1.20886
93.50672569	136.7554196	0	1.20966
93.21028951	136.7093156	0	1.21002
92.91389048	136.6629736	0	1.20969
92.61756948	136.6161359	0	1.20857
92.32136901	136.568543	0	1.20663
92.02532554	136.519984	0	1.20398
91.72946717	136.4703104	0	1.20088
91.43382349	136.4193756	0	1.19763
91.13843149	136.3670023	0	1.19462
90.84333393	136.3129962	0	1.19205
90.54857957	136.2571493	0	1.18999
90.25422598	136.1992294	0	1.189
89.96034031	136.1389829	0	1.1888
89.66699593	136.0761564	0	1.18931
89.37427062	136.0105087	0	1.19011
89.08224812	135.9418049	0	1.19122
88.79102229	135.8698021	1	1.19243
88.50070239	135.794233	1	1.19345
88.21141478	135.7148078	1	1.19423
87.9233005	135.6312305	1	1.19459
87.63650798	135.5432283	1	1.19451
87.35118361	135.4505795	1	1.19385
87.06746241	135.3531336	1	1.19222
86.78545565	135.2508324	1	1.18976
86.50524492	135.1437091	1	1.18708
86.22689531	135.0318382	1	1.18452
85.95046274	134.91531	1	1.18213
85.67598004	134.7942589	1	1.18017
85.40344893	134.6688739	1	1.17913
85.13285074	134.5393683	1	1.17945
84.86416272	134.4059434	1	1.18162
84.59734798	134.2688091	1	1.18606
84.33232631	134.1282386	1	1.19332
84.06896218	133.9845841	1	1.20417
83.80707343	133.8382547	1	1.21933
83.5464398	133.6896991	1	1.23959
83.28683191	133.5393564	1	1.26655
83.02803915	133.3876139	1	1.30035
82.76986221	133.2348251	1	1.34174
82.51211871	133.0813059	1	1.39122
82.25465653	132.927315	1	1.44931
81.99735057	132.7730632	1	1.51627
81.74009825	132.6187218	1	1.59234
81.48281991	132.4644239	1	1.67741
81.22546893	132.3102472	1	1.77149
80.96804245	132.1561965	1	1.87444
80.71058417	132.002199	1	1.98713
80.45317634	131.8481172	1	2.10772
80.19591798	131.6937861	1	2.23567
79.93890266	131.5390506	1	2.37028
79.68221207	131.3837773	1	2.5112
79.42591421	131.2278567	1	2.65844
79.17005737	131.0712135	1	2.81047
78.91467347	130.9138005	1	2.9664
78.65978372	130.7555886	1	3.12609
78.40539694	130.5965693	1	3.28914
78.15150887	130.436755	1	3.45672
77.89810356	130.2761761	1	3.62692
77.64514878	130.1148884	1	3.63663
77.3925937	129.9529755	1	3.57308
77.14037216	129.7905433	1	3.51206
76.88840884	129.6277107	1	3.45357
76.63662631	129.4645987	1	3.39758
76.38493979	129.3013385	1	3.34403
76.13324917	129.1380846	1	3.29284
75.88144814	128.9750011	1	3.24408
75.62943215	128.8122501	1	3.19768
75.37710163	128.6499874	1	3.15338
75.12438532	128.4883262	1	3.11111
74.87124662	128.3273274	1	3.07085
74.61764293	128.1670621	1	3.03261
74.36351066	128.0076366	1	2.99621
74.10879956	127.8491375	1	2.96071
73.85349825	127.6915909	1	2.92406
73.59760957	127.5350002	1	2.88581
73.34111165	127.3794095	1	2.846
73.08398811	127.2248549	1	2.80462
72.82626755	127.0712978	1	2.76201
72.56797462	126.9187054	1	2.71824
72.30911011	126.7670846	1	2.67348
72.04971991	126.6163647	1	2.62789
71.78985526	126.4664643	1	2.58186
71.52952478	126.3173743	1	2.53529
71.26876539	126.1690355	1	2.48861
71.00761085	126.0213936	1	2.4419
70.74606503	125.8744459	1	2.39507
70.48414842	125.72816	1	2.34904
70.22186135	125.5825395	1	2.30296
69.95919023	125.4376129	1	2.25782
69.69613179	125.2933905	1	2.21336
69.43267813	125.1498914	1	2.16925
69.16884123	125.007098	1	2.12689
68.90463482	124.8649896	1	2.08518
68.64006705	124.7235549	1	2.04505
68.37514931	124.5827769	1	2.00658
68.10990529	124.4426145	1	1.96939
67.84436973	124.3030051	1	1.93462
67.57854731	124.1639428	1	1.90219
67.31243213	124.0254414	1	1.8717
67.0459911	123.8875682	1	1.84422
66.77914391	123.7504831	1	1.819
66.51180994	123.61435	1	1.79559
66.24392759	123.4792995	1	1.77662
65.97541967	123.3454977	1	1.75873
65.70618301	123.2131692	1	1.74485
65.43608137	123.0826168	1	1.73346
65.16499212	122.9541287	1	1.72343
64.89281095	122.827972	1	1.71722
64.61940783	122.7044881	1	1.71305
64.34467026	122.5840044	1	1.71056
64.06850344	122.4668365	1	1.71104
63.79077604	122.3534224	1	1.71306
63.51133461	122.2443057	1	1.71502
63.23005439	122.140027	1	1.72256
62.94682364	122.0411784	1	1.72843
62.66156107	121.9483653	1	1.73602
62.37425914	121.8620792	1	1.74424
62.08494871	121.7827989	1	1.75158
61.7937156	121.710907	1	1.75779
61.50070058	121.6466699	1	1.76777
61.20607285	121.5902925	1	1.77498
60.91003842	121.5418401	1	1.7845
60.61281301	121.5013289	1	1.79384
60.31462493	121.4686324	1	1.80209
60.01569727	121.4435736	1	1.80973
59.71623874	121.4259225	1	1.82081
59.41644466	121.4153596	1	1.82947
59.11648654	121.41162	1	1.84089
58.81651424	121.414302	1	1.85238
58.51665405	121.4229842	1	1.86338
58.2170065	121.4372709	1	1.87544
57.91763933	121.4566016	1	1.89008
57.61860198	121.4805126	1	1.90386
57.31992832	121.5086203	1	1.92116
57.02162553	121.5404386	1	1.94004
56.72369702	121.575595	1	1.95955
56.42613492	121.6137373	1	1.98241
56.12890976	121.6544289	1	2.00681
55.83199477	121.6973285	1	2.03311
55.53538122	121.7422661	1	2.06212
55.23906352	121.7891165	1	2.09272
54.94303468	121.8377595	1	2.1247
54.64730693	121.8881999	1	2.15998
54.35190035	121.9404882	1	2.19531
54.05682179	121.9945975	1	2.23303
53.7620703	122.0504615	1	2.27163
53.46764057	122.107998	1	2.31071
53.17353704	122.1671791	1	2.35136
52.87976343	122.2279773	1	2.39243
52.58632286	122.290363	1	2.43404
52.29321289	122.3542846	1	2.47633
52.00042906	122.4196838	1	2.51871
51.70797699	122.486551	1	2.56132
51.41585447	122.554844	1	2.6043
51.12406725	122.6245553	1	2.64681
50.83261378	122.6956497	1	2.68974
50.54148912	122.7680787	1	2.73195
50.2506971	122.841832	1	2.774
49.96022456	122.9168341	1	2.81552
49.67007458	122.9930742	1	2.85631
49.38025151	123.0705482	1	2.89663
49.09074101	123.1491823	1	2.93596
48.80156157	123.2290247	1	2.97439
48.51271551	123.3100655	1	3.01172
48.22418347	123.3922175	1	3.0497
47.93596893	123.4754763	1	3.08855
47.64805635	123.559774	1	3.12831
47.36041424	123.6449902	1	3.16903
47.0730389	123.7311017	1	3.21065
46.78592025	123.8180656	1	3.25317
46.4990105	123.9057165	1	3.29667
46.21227339	123.9939308	1	3.34119
45.92569537	124.0826606	1	3.38671
45.63924315	124.1717958	1	3.43326
45.35286308	124.2611628	1	3.48092
45.06650748	124.3506081	1	3.52977
44.78014254	124.4400236	1	3.57983
44.49373454	124.5293009	1	3.63112
44.20724316	124.6183102	1	3.68369
43.92062753	124.7069185	1	3.7375
43.63385366	124.7950131	1	3.79259
43.34690282	124.8825295	1	3.8489
43.05976421	124.9694278	1	3.75169
42.77242495	125.0556601	1	3.58469
42.48487561	125.1411893	1	3.4201
42.19711494	125.2260047	1	3.25774
41.90914629	125.3101113	1	3.09786
41.62097598	125.3935244	1	2.94066
41.33261864	125.4762888	1	2.78655
41.04409771	125.5584813	1	2.63636
40.75544492	125.6402096	1	2.49091
40.46670369	125.7216251	1	2.35051
40.17792728	125.8029159	1	2.21548
39.88917427	125.8842897	1	2.08635
39.60049713	125.965932	1	1.96406
39.311924	126.0479412	1	1.85019
39.02344691	126.1302877	1	1.74473
38.7350236	126.2128225	1	1.64781
38.44658454	126.2953022	1	1.55977
38.15803486	126.3773936	1	1.48095
37.86926015	126.4586887	1	1.4115
37.58013788	126.538737	1	1.35153
37.29054301	126.6170554	1	1.30219
37.00035292	126.6931347	1	1.26206
36.70945351	126.7664499	1	1.23058
36.41774276	126.8364604	1	1.20675
36.12513568	126.9026167	1	1.18968
35.83156859	126.9643636	1	1.17837
35.53700771	127.0211701	1	1.17187
35.24145587	127.072561	1	1.16911
34.9449511	127.1181217	1	1.16914
34.6475649	127.15751	1	1.1712
34.34939923	127.1904743	1	1.17449
34.05058013	127.2168611	1	1.17861
33.75124876	127.2366045	1	1.18299
33.45155387	127.2497312	1	1.18691
33.15164417	127.2563715	1	1.19017
32.85165982	127.2567556	1	1.19266
32.55172462	127.2512136	0	1.19424
32.25193926	127.2401755	0	1.19492
31.95237644	127.2241578	0	1.19489
31.65308009	127.2037273	0	1.19443
31.35406891	127.1794558	0	1.19382
31.05534301	127.1518791	0	1.19331
30.75689273	127.1214545	0	1.19315
30.45870554	127.0885452	0	1.19338
30.16076705	127.0534511	0	1.19394
29.86305892	127.0164502	0	1.1948
29.56555942	126.9778049	0	1.19588
29.26824581	126.9377526	0	1.19723
28.97109348	126.8965191	0	1.19892
28.67407613	126.8543231	0	1.20068
28.3771691	126.8113569	0	1.20238
28.0803513	126.767778	0	1.2039
27.78360571	126.7237098	0	1.20517
27.48691938	126.6792442	0	1.2061
27.19028197	126.6344533	0	1.20667
26.89368345	126.5894055	0	1.20689
26.59711273	126.544175	0	1.2068
26.30055858	126.4988359	0	1.2065
26.0040105	126.4534571	0	1.20611
25.70745895	126.4081009	0	1.20575
25.41089668	126.362815	0	1.20552
25.11432067	126.3176191	0	1.20547
24.81773164	126.2725087	0	1.20558
24.52113155	126.2274712	0	1.20577
24.22452304	126.182489	0	1.20597
23.92790982	126.137538	0	1.2062
23.63129484	126.0925985	0	1.20644
23.33467934	126.0476625	0	1.20668
23.03806408	126.0027249	0	1.20692
22.74145034	125.9577773	0	1.20715
22.44483986	125.9128081	0	1.20736
22.14823398	125.8678087	0	1.20754
21.8516327	125.8227789	0	1.20768
21.555034	125.7777321	0	1.20781
21.25843305	125.7327002	0	1.20796
20.96182106	125.687741	0	1.20818
20.66518359	125.6429504	0	1.20857
20.36849945	125.5984703	0	1.20927
20.07174238	125.5544799	0	1.21047
19.77488765	125.511154	0	1.21234
19.47791958	125.4686123	0	1.215
19.18083512	125.4268912	0	1.21849
18.88364056	125.3859614	1	1.22278
18.58636252	125.3456413	1	1.22768
18.28903868	125.3056598	1	1.23294
17.99172684	125.2655894	1	1.23807
17.69450714	125.2248436	1	1.24214
17.39748348	125.1826996	1	1.24368
17.10079688	125.1382575	1	1.24152
16.80461297	125.0905959	1	1.23557
16.50913326	125.0387685	1	1.22622
16.21461936	124.9817341	1	1.21406
15.92139498	124.9184309	1	1.20084
15.6298448	124.8478446	1	1.18817
15.34043764	124.7689611	1	1.17699
15.05372965	124.680798	1	1.16714
14.77035773	124.5824657	1	1.15897
14.4910508	124.4731451	1	1.15685
14.21660598	124.3521563	1	1.15665
13.94789179	124.2189439	1	1.15902
13.68583107	124.0730933	1	1.16252
13.43134784	123.9144024	1	1.17002
13.18532867	123.7428894	1	1.17715
12.9485992	123.5587705	1	1.18334
12.72191069	123.362423	1	1.18818
12.50588464	123.1543997	1	1.19124
12.30103493	122.9353594	1	1.1934
12.10780214	122.7060028	1	1.19441
11.92654968	122.4670624	1	1.19344
11.75760749	122.2192627	1	1.19149
11.60127479	121.9633183	1	1.18949
11.45780103	121.6999478	1	1.18607
11.32738071	121.4298722	1	1.18511
11.21019359	121.153795	1	1.18384
11.10633896	120.8724278	1	1.1822
11.01591187	120.5864603	1	1.18059
10.93888891	120.296591	1	1.1794
10.87514994	120.0035102	1	1.17602
10.82441107	119.707896	1	1.17691
10.7861713	119.4103999	1	1.17691
10.75985736	119.1116068	1	1.17848
10.7447845	118.8120296	1	1.18029
10.7401161	118.5121029	1	1.18371
10.74494188	118.2121723	1	1.18691
10.75835988	117.9124977	1	1.19256
10.77939805	117.6132558	1	1.19757
10.8071099	117.3145535	1	1.20276
10.84058095	117.0164378	1	1.20832
10.87891344	116.7189048	1	1.21376
10.92130618	116.4219207	1	1.21808
10.96696425	116.125419	0	1.22061
11.01512822	115.8293125	0	1.22123
11.06511592	115.5335075	0	1.22061
11.11635059	115.2379153	0	1.21959
11.16833759	114.9424542	0	1.21836
11.22063817	114.6470483	0	1.21636
11.27295837	114.3516459	0	1.21342
11.32508913	114.05621	0	1.21039
11.37686869	113.7607124	0	1.20784
11.42822372	113.4651407	0	1.20577
11.47912692	113.1694909	0	1.20416
11.52958769	112.8737652	0	1.203
11.57965336	112.5779724	0	1.20224
11.62940237	112.2821261	0	1.2018
11.6789252	111.9862419	0	1.20158
11.72830257	111.6903333	0	1.20152
11.77759719	111.394411	0	1.20154
11.82685325	111.0984822	0	1.2016
11.8760985	110.8025516	0	1.20167
11.92534784	110.5066217	0	1.20174
11.97460739	110.2106935	0	1.20179
12.02387802	109.9147672	0	1.20184
12.07315795	109.6188424	0	1.20187
12.12244441	109.3229187	0	1.2019
12.1717347	109.0269956	0	1.20193
12.2210267	108.7310728	0	1.20195
12.27031899	108.43515	0	1.20197
12.31961087	108.1392272	0	1.20199
12.36890214	107.8433043	0	1.20202
12.41819287	107.5473813	0	1.20204
12.46748334	107.2514583	0	1.20207
12.51677389	106.9555352	0	1.20209
12.56606486	106.6596123	0	1.20211
12.61535651	106.3636894	0	1.20214
12.66464901	106.0677667	0	1.20216
12.71394248	105.7718442	0	1.20218
12.76323694	105.4759218	0	1.2022
12.81253235	105.1799996	0	1.20222
12.86182864	104.8840775	0	1.20224
12.91112568	104.5881555	0	1.20226
12.96042335	104.2922337	0	1.20228
13.00972153	103.9963119	0	1.20229
13.05902011	103.7003902	0	1.20231
13.10831899	103.4044686	0	1.20232
13.15761805	103.108547	0	1.20234
13.20691715	102.8126253	0	1.20236
13.25621615	102.5167037	0	1.20237
13.30551487	102.2207821	0	1.20239
13.35481317	101.9248603	0	1.2024
13.40411089	101.6289385	0	1.20242
13.45340785	101.3330165	0	1.20244
13.50270393	101.0370944	0	1.20246
13.55199902	100.7411721	0	1.20248
13.60129309	100.4452497	0	1.2025
13.65058613	100.149327	0	1.20252
13.69987817	99.85340426	0	1.20254
13.74916932	99.55748133	0	1.20257
13.79845976	99.26155828	0	1.20259
13.8477497	98.96563514	0	1.20262
13.89703937	98.66971196	0	1.20264
13.94632897	98.37378877	0	1.20267
13.99561868	98.0778656	0	1.20269
14.04490867	97.78194247	0	1.20272
14.09419905	97.48601941	0	1.20274
14.14348989	97.19009643	0	1.20277
14.19278122	96.89417352	0	1.20279
14.24207304	96.5982507	0	1.20281
14.29136532	96.30232796	0	1.20283
14.34065808	96.00640529	0	1.20286
14.38995132	95.71048271	0	1.20288
14.43924514	95.41456022	0	1.2029
14.48853959	95.11863783	0	1.20292
14.53783478	94.82271557	0	1.20294
14.58713077	94.52679344	0	1.20296
14.63642757	94.23087145	0	1.20298
14.68572523	93.9349496	0	1.20299
14.73502373	93.63902789	0	1.20301
14.78432308	93.34310633	0	1.20303
14.83362326	93.0471849	0	1.20304
14.88292425	92.7512636	0	1.20305
14.93222603	92.45534244	0	1.20307
14.98152859	92.15942141	0	1.20308
15.03083188	91.8635005	0	1.20309
15.08013586	91.5675797	0	1.2031
15.12944043	91.271659	0	1.20311
15.17874553	90.97573839	0	1.20312
15.22805115	90.67981787	0	1.20313
15.27735725	90.38389743	0	1.20314
15.32666379	90.08797706	0	1.20315
15.37597071	89.79205675	0	1.20315
15.4252779	89.49613649	0	1.20316
15.47458526	89.20021626	0	1.20317
15.52389262	88.90429603	0	1.20318
15.5731998	88.60837576	0	1.20318
15.62250656	88.31245543	0	1.20319
15.67181265	88.01653498	0	1.2032
15.72111786	87.72061439	0	1.20321
15.77042205	87.42469363	0	1.20322
15.81972509	87.12877268	0	1.20323
15.8690269	86.83285152	0	1.20325
15.91832741	86.53693015	0	1.20326
15.96762662	86.24100856	0	1.20327
16.01692454	85.94508675	0	1.20329
16.06622118	85.64916473	0	1.20331
16.11551658	85.35324251	0	1.20333
16.16481079	85.05732008	0	1.20335
16.21410394	84.76139748	0	1.20337
16.26339618	84.46547473	0	1.20339
16.31268774	84.16955187	0	1.20342
16.36197882	83.87362892	0	1.20344
16.41126963	83.57770593	0	1.20347
16.4605603	83.28178292	0	1.20349
16.50985095	82.9858599	0	1.20351
16.55914168	82.6899369	0	1.20354
16.60843258	82.39401392	0	1.20356
16.65772375	82.09809099	0	1.20359
16.70701527	81.80216812	0	1.20361
16.75630722	81.50624532	0	1.20363
16.80559963	81.2103226	0	1.20365
16.8548925	80.91439995	0	1.20368
16.90418582	80.61847738	0	1.2037
16.95347956	80.32255488	0	1.20372
17.00277369	80.02663244	0	1.20374
17.05206816	79.73071006	0	1.20376
17.10136297	79.43478773	0	1.20378
17.15065812	79.13886547	0	1.2038
17.19995363	78.84294326	0	1.20382
17.24924953	78.54702112	0	1.20384
17.29854582	78.25109904	0	1.20386
17.34784252	77.95517703	0	1.20388
17.39713966	77.6592551	0	1.20389
17.4464373	77.36333324	0	1.20391
17.49573549	77.06741148	0	1.20393
17.54503428	76.77148982	0	1.20394
17.59433371	76.47556827	0	1.20396
17.64363388	76.17964684	0	1.20397
17.69293489	75.88372555	0	1.20399
17.74223683	75.58780441	0	1.204
17.79153974	75.29188344	0	1.20401
17.84084362	74.99596262	0	1.20402
17.8901484	74.70004196	0	1.20403
17.93945398	74.40412143	0	1.20404
17.98876023	74.10820101	0	1.20405
18.03806698	73.81228068	0	1.20406
18.08737406	73.5163604	0	1.20407
18.13668124	73.22044014	0	1.20407
18.18598826	72.92451985	0	1.20408
18.23529486	72.62859949	0	1.20409
18.28460078	72.33267901	0	1.2041
18.33390576	72.03675838	0	1.20411
18.38320959	71.74083756	0	1.20412
18.43251211	71.44491652	0	1.20413
18.48181324	71.14899525	0	1.20414
18.53111295	70.85307375	0	1.20416
18.58041126	70.55715201	0	1.20418
18.62970823	70.26123004	0	1.20419
18.6790039	69.96530786	0	1.20421
18.72829834	69.66938548	0	1.20423
18.77759166	69.3734629	0	1.20425
18.82688402	69.07754017	0	1.20428
18.87617559	68.78161731	0	1.2043
18.92546659	68.48569435	0	1.20432
18.97475725	68.18977133	0	1.20435
19.02404782	67.89384831	0	1.20437
19.07333856	67.5979253	0	1.2044
19.12262967	67.30200236	0	1.20442
19.1719213	67.00607951	0	1.20444
19.22121356	66.71015676	0	1.20447
19.27050649	66.41423412	0	1.20449
19.31980005	66.11831159	0	1.20451
19.36909417	65.82238915	0	1.20453
19.41838869	65.52646678	0	1.20455
19.46768341	65.23054444	0	1.20457
19.51697812	64.9346221	0	1.20459
19.56627266	64.63869973	0	1.20461
19.61556709	64.34277735	0	1.20463
19.66486183	64.04685501	0	1.20465
19.71415787	63.75093289	0	1.20467
19.76345693	63.45501128	0	1.20469
19.81276156	63.15909059	0	1.2047
19.86207491	62.86317135	0	1.2047
19.91140004	62.56725408	0	1.20469
19.96073853	62.27133904	0	1.20466
20.01008839	61.97542589	0	1.20463
20.05944122	61.67951324	0	1.20459
20.10877853	61.383598	0	1.20457
20.15806739	61.08767468	0	1.20459
20.20725613	60.79173472	0	1.20472
20.25627246	60.49576615	0	1.20502
20.30502675	60.19975433	0	1.20559
20.35342632	59.90368433	0	1.20652
20.40139617	59.60754442	0	1.20788
20.44889555	59.3113287	0	1.20972
20.49593055	59.01503888	1	1.21203
20.5425842	58.71868873	1	1.21482
20.58901566	58.42230365	1	1.218
20.63545719	58.12592015	1	1.22102
20.68221868	57.82958703	1	1.22304
20.72968558	57.53336631	1	1.22347
20.77826835	57.2373269	1	1.22216
20.82841429	56.94154885	1	1.21919
20.8806264	56.64612939	1	1.21477
20.93543213	56.3511812	1	1.20932
20.99338348	56.05683638	1	1.20324
21.05511693	55.76326365	1	1.1969
21.12121262	55.47064413	1	1.19082
21.19232664	55.17920677	1	1.18532
21.26917026	54.88923101	1	1.18064
21.35243239	54.60103669	1	1.17691
21.44264849	54.31494599	1	1.17431
21.54028528	54.03130571	1	1.17254
21.64575316	53.75048641	1	1.17091
21.75937619	53.47286968	1	1.16903
21.88160264	53.19893753	1	1.16659
22.01299662	52.92928958	1	1.1633
22.15402806	52.66456082	1	1.15872
22.30505382	52.40540981	1	1.15253
22.46627755	52.15248149	1	1.14658
22.6376987	51.90635237	1	1.13994
22.81917886	51.66754461	1	1.13218
23.01048201	51.43653095	1	1.12303
23.21126953	51.21370985	1	1.11411
23.4211061	50.99938583	1	1.10756
23.63953576	50.79382382	1	1.09978
23.86620774	50.59738835	1	1.09652
24.10079783	50.41048058	1	1.09531
24.34289523	50.23340252	1	1.09697
24.59195181	50.06624793	1	1.10241
24.84735774	49.90895847	1	1.1129
25.10843503	49.76126253	1	1.12711
25.37456256	49.62286461	1	1.14861
25.64516585	49.4934267	1	1.17597
25.91967139	49.37247306	1	1.20833
26.19755745	49.25949187	1	1.24622
26.47837022	49.15398546	1	1.29112
26.76165455	49.05529459	1	1.34262
27.04702986	48.96281467	1	1.39885
27.33415539	48.87591062	1	1.46095
27.62273379	48.7939513	1	1.5269
27.91250684	48.71631309	1	1.59941
28.20329971	48.64258245	1	1.67599
28.49498673	48.57246925	1	1.75627
28.7874948	48.50586392	1	1.83968
29.08081093	48.44291533	1	1.92602
29.37490274	48.38369631	1	2.01432
29.66969599	48.32807119	1	2.1042
29.96511046	48.2758427	1	2.19425
30.26105581	48.22670641	1	2.28466
30.55744566	48.18032205	1	2.37543
30.85421414	48.13642238	1	2.46656
31.15130764	48.09477619	1	2.55742
31.44868262	48.05518785	1	2.64762
31.7463114	48.01755421	1	2.73637
32.04418662	47.98192493	1	2.82297
32.34230882	47.94842687	1	2.90707
32.64065636	47.91699668	1	2.9885
32.93918832	47.88736488	1	3.06754
33.23786172	47.85919033	1	3.1447
33.53664531	47.83220712	0	3.22044
33.83551247	47.80616372	0	3.29509
34.13444806	47.78091718	0	3.36884
34.43343522	47.75628771	0	3.44206
34.732454	47.73204416	0	3.51509
35.03149018	47.70801591	0	3.58809
35.33053143	47.68405081	0	3.66105
35.62956256	47.6599598	0	3.73408
35.92857557	47.63564506	0	3.8073
36.22757086	47.61111327	0	3.88074
36.52655021	47.58638798	0	3.95437
36.8255157	47.5614956	0	4.02815
37.12447047	47.53647477	0	4.10206
37.42341781	47.51136524	0	4.17606
37.72236119	47.48620863	0	4.25011
38.02130417	47.46104724	0	4.32416
38.32024878	47.43590527	0	4.39819
38.6191948	47.41078003	0	4.4722
38.91814066	47.38565295	0	4.54621
39.21708494	47.36050694	0	4.62025
39.516027	47.33533465	0	4.69431
39.81496672	47.31013462	0	4.76839
40.11390393	47.28490476	0	4.84251
40.41283827	47.25964098	0	4.91666
40.71176934	47.23433846	0	4.99084
41.01069662	47.20899134	0	5
41.30961937	47.18359075	0	5
41.60853687	47.15812848	0	5
41.90744909	47.13260427	0	5
42.20635674	47.10702668	0	5
42.50526089	47.08140805	0	5
42.80416258	47.05576093	0	5
43.10306283	47.03009693	0	5
43.40196253	47.00442647	0	5
43.70086241	46.9787582	0	5
43.99976306	46.95309882	0	5
44.29866484	46.92745266	0	5
44.59756791	46.9018215	0	5
44.89647217	46.87620435	0	5
45.19537731	46.85059737	0	5
45.4942828	46.82499449	0	5
45.79318816	46.79939005	0	5
46.09209325	46.77378244	0	5
46.39099818	46.74817309	0	5
46.68990307	46.72256315	0	5
46.98880793	46.69695285	0	5
47.28771274	46.67134211	0	5
47.58661751	46.64573074	0	5
47.88552221	46.6201187	0	5
48.18442688	46.59450621	0	5
48.48333153	46.56889355	0	5
48.78223619	46.54328096	0	5
49.08114087	46.51766861	0	5
49.38004559	46.49205666	0	5
49.67895034	46.46644519	0	5
49.97785514	46.44083427	0	5
50.27676	46.41522396	0	5
50.5756649	46.38961423	0	5
50.87456985	46.36400506	0	5
51.17347487	46.33839668	0	5
51.47238006	46.31279027	0	5
51.7712856	46.28718798	0	5
52.07019149	46.26158968	0	5
52.36909697	46.23598671	0	4.93884
52.66800072	46.21036356	0	4.86503
52.96690203	46.18471183	0	4.79118
53.26580116	46.15903488	0	4.71731
53.56469865	46.13333876	0	4.64343
53.86359501	46.10762947	0	4.56953
54.16249126	46.08191895	0	4.49563
54.46139052	46.05624346	0	4.42176
54.7602977	46.03066032	0	4.34798
55.05921755	46.00522572	0	4.27435
55.35815976	45.98005567	0	4.20098
55.65713097	45.95523255	0	4.12794
55.95612828	45.93072557	0	4.05521
56.25515072	45.90652733	0	3.98278
56.55420073	45.88267218	0	3.91068
56.85326456	45.85899049	0	3.83876
57.15232088	45.83521421	0	3.76674
57.45135726	45.81118871	0	3.69448
57.75035474	45.78668488	0	3.62175
58.04928695	45.76139929	0	3.54826
58.34813785	45.73517076	0	3.47386
58.64688554	45.7077941	0	3.39834
58.94550005	45.67900377	0	3.32145
59.24395971	45.64865121	0	3.24304
59.54223779	45.61656571	0	3.16294
59.84030326	45.58256389	0	3.081
60.13813386	45.54656331	0	2.99774
60.43570408	45.5084717	0	2.91654
60.73297966	45.468147	1	2.83624
61.0299348	45.42552679	1	2.75932
61.32653817	45.38052515	1	2.68524
61.62275374	45.33303892	1	2.61344
61.91856184	45.28307667	1	2.54263
62.21392936	45.2305738	1	2.47995
62.50886066	45.17567089	1	2.41878
62.80335142	45.1184521	1	2.36091
63.09744019	45.05919856	1	2.30756
63.39114553	44.99807254	1	2.25992
63.68449271	44.93524871	1	2.21542
63.97745966	44.87067615	1	2.18068
64.27000945	44.80423979	1	2.15083
64.5620346	44.7355382	1	2.12531
64.8533977	44.66408508	1	2.10442
65.1439265	44.58931852	1	2.09412
65.43338814	44.51053088	1	2.08574
65.72146362	44.42683074	1	2.08235
66.00779164	44.33734884	1	2.08397
66.29199303	44.24133915	1	2.08977
66.57358782	44.13795146	1	2.09724
66.85205964	44.02643854	1	2.10792
67.1268836	43.90622725	1	2.12288
67.39745754	43.77674575	1	2.13702
67.66319686	43.63761797	1	2.15483
67.92356492	43.48868398	1	2.17207
68.17805245	43.32991226	1	2.19288
68.42621695	43.16142748	1	2.21183
68.66770841	42.98350693	1	2.23045
68.90227194	42.79654331	1	2.25994
69.12975898	42.60102593	1	2.28763
69.35016973	42.39755862	1	2.3143
69.56364424	42.18681928	1	2.34787
69.77049032	41.96956378	1	2.38706
69.97113477	41.74656224	1	2.42769
70.16608098	41.51855735	1	2.46992
70.35607143	41.28640074	1	2.52319
70.54174355	41.05077258	1	2.58115
70.72382115	40.81235216	1	2.6433
70.90286786	40.57164532	1	2.71188
71.07952617	40.329178	1	2.78491
71.25422554	40.08529461	1	2.86694
71.42740037	39.84032543	1	2.95266
71.59936863	39.59450732	1	3.04394
71.7704821	39.348093	1	3.14189
71.94089919	39.1011965	1	3.24483
72.11073791	38.85390169	1	3.35158
72.28007155	38.60626072	1	3.46222
72.44893244	38.35829714	1	3.57781
72.6173693	38.1100453	0	3.69566
72.78536086	37.86149193	0	3.81685
72.95291712	37.6126449	0	3.94013
73.12004564	37.36351039	0	4.0648
73.28678155	37.11411293	0	4.19049
73.45316183	36.86447806	0	4.31751
73.61917462	36.61459866	0	4.444
73.78483118	36.36448294	0	4.56959
73.95008481	36.11410087	0	4.69461
74.11491513	35.86343991	0	4.81916
74.27933224	35.61250771	0	4.94327
74.44328484	35.36127181	0	5
74.60674602	35.1097159	0	5
74.76974208	34.85785835	0	5
74.93225291	34.60568745	0	5
75.09424059	34.3531802	0	5
75.25571509	34.10034446	0	5
75.41668602	33.84718781	0	5
75.57711778	33.59368916	0	5
75.7369892	33.33983675	0	5
75.89632984	33.08565083	0	5
76.05515694	32.83114369	0	5
76.21345558	32.57630755	0	5
76.37123673	32.32115066	0	5
76.52855473	32.06570792	0	5
76.68543454	31.80999583	0	5
76.84186868	31.55401086	0	5
76.99788128	31.29776874	0	5
77.15352499	31.04130236	0	5
77.30883202	30.78463196	0	5
77.46381645	30.52776663	0	5
77.61849843	30.27071904	0	5
77.77291566	30.01351232	0	5
77.92711367	29.75617409	0	5
78.08112244	29.49872256	0	5
78.23496213	29.24116995	0	5
78.38865509	28.98352977	0	5
78.54223347	28.72582125	0	5
78.69573557	28.46806729	0	5
78.84919299	28.21028672	0	5
79.00262853	27.95249313	0	5
79.15605803	27.69469595	0	5
79.30948985	27.43690015	0	5
79.46292267	27.17910493	0	5
79.61633883	26.92129981	0	5
79.76970235	26.66346337	0	5
79.9229719	26.40557106	0	5
80.0761138	26.14760294	0	5
80.22910593	25.88954597	0	5
80.38193338	25.63139143	0	5
80.53462762	25.37315808	0	5
80.68728051	25.11490027	0	5
80.83999856	24.856681	0	5
80.9929029	24.59857201	0	5
81.14614406	24.3406629	0	5
81.29987826	24.08304745	0	5
81.45424505	23.82581065	0	5
81.60939286	23.56904427	0	5
81.76541406	23.31280772	0	5
81.92235492	23.05713345	0	5
82.08024203	22.80204246	0	5
82.23917029	22.54759897	0	5
82.39917744	22.29383256	0	5
82.5603086	22.04077844	0	5
82.72266773	21.78851059	0	4.89081
82.88634184	21.53709403	0	4.77125
83.05144943	21.28661675	1	4.6499
83.21813161	21.03718478	1	4.52723
83.38653108	20.78890927	1	4.4033
83.55685224	20.54194864	1	4.27775
83.72922575	20.29641637	1	4.14966
83.90372975	20.05239388	1	4.01864
84.08042719	19.80995515	1	3.8848
84.25934173	19.56914803	1	3.74841
84.44045079	19.32998694	1	3.61003
84.6237149	19.09247311	1	3.47039
84.80910668	18.85661626	1	3.33028
84.99659648	18.62242368	1	3.19043
85.18620537	18.38994361	1	3.05124
85.37794458	18.15921744	1	2.91311
85.57189452	17.93034689	1	2.77699
85.76812661	17.70343025	1	2.64369
85.9666894	17.47855049	1	2.51235
86.16765196	17.25581305	1	2.38451
86.37102088	17.03527055	1	2.26112
86.57677402	16.81695071	1	2.14191
86.78484553	16.60083903	1	2.02705
86.99509061	16.38684076	1	1.91589
87.20731388	16.17480343	1	1.81137
87.42130735	15.96455211	1	1.71089
87.63677416	15.75581	1	1.61726
87.85365913	15.54854192	1	1.52871
88.07197361	15.34278013	1	1.44828
88.2919568	15.13880457	1	1.37606
88.51401007	14.93708656	1	1.31008
88.73853386	14.7381245	1	1.25113
88.96601453	14.54255425	1	1.20112
89.19696588	14.35110038	1	1.1578
89.43190298	14.16456625	1	1.12101
89.6713181	13.98382433	1	1.09111
89.91558825	13.80970852	1	1.06979
90.16503115	13.64309852	1	1.05559
90.41989038	13.48490927	1	1.047
90.68029088	13.33602883	1	1.04402
90.94624314	13.19731965	1	1.04731
91.21765152	13.06962566	1	1.05649
91.49430287	12.95373603	1	1.06899
91.77585739	12.85033127	1	1.0831
92.06186618	12.75997401	1	1.09841
92.35176751	12.68300598	1	1.11626
92.64493763	12.61960176	1	1.134
92.94070351	12.56965772	1	1.15026
93.23839409	12.53284093	1	1.16435
93.5373747	12.50856555	1	1.17605
93.83708116	12.49598297	1	1.18549
94.13705104	12.49412167	1	1.19273
94.43693248	12.50183671	1	1.19802
94.73648791	12.51788806	1	1.20187
95.035581	12.5410546	1	1.20474
95.33416257	12.57011321	1	1.20709
95.63224316	12.60394884	1	1.20936
95.92983908	12.64182149	1	1.21134
96.22700154	12.68296694	1	1.21292
96.52378033	12.72679951	1	1.21408
96.82024214	12.77273161	1	1.21474
97.1164645	12.8201867	1	1.21493
97.41250814	12.86874586	1	1.21465
97.70842927	12.91804709	1	1.21383
98.00427401	12.96780512	0	1.21255
98.30008303	13.01777531	0	1.21097
98.59588903	13.06776342	0	1.2092
98.89171531	13.11763131	0	1.20742
99.18757788	13.16728342	0	1.20582
99.48348633	13.21666128	0	1.20449
99.7794442	13.26574206	0	1.20349
100.0754497	13.31453449	0	1.20278
100.3714976	13.36306936	0	1.20232
100.6675804	13.41139136	0	1.20207
100.9636897	13.45955003	0	1.20199
101.2598177	13.50759358	0	1.20203
101.5559575	13.5555651	0	1.20214
101.8521033	13.60349884	0	1.20228
102.1482514	13.65141878	0	1.20244
102.4443993	13.69933944	0	1.2026
102.740546	13.74726808	0	1.20275
103.036691	13.79520702	0	1.2029
103.3328344	13.84315575	0	1.20303
103.6289765	13.89111252	0	1.20315
103.9251176	13.93907543	0	1.20327
104.221258	13.98704298	0	1.20338
104.5173977	14.03501417	0	1.20349
104.813537	14.08298831	0	1.2036
105.1096759	14.13096488	0	1.2037
105.4058145	14.17894356	0	1.2038
105.7019527	14.22692442	0	1.2039
105.9980905	14.27490791	0	1.204
106.2942277	14.32289466	0	1.20409
106.5903644	14.37088516	0	1.20418
106.8865004	14.41887965	0	1.20426
107.1826357	14.4668782	0	1.20434
107.4787704	14.51488086	0	1.20442
107.7749044	14.56288773	0	1.20449
108.0710377	14.61089895	0	1.20456
108.3671702	14.65891464	0	1.20463
108.6633021	14.70693481	0	1.20469
108.9594332	14.75495934	0	1.20474
109.2555637	14.80298795	0	1.20479
109.5516935	14.85102032	0	1.20484
109.8478228	14.89905605	0	1.20488
110.1439516	14.9470948	0	1.20492
110.44008	14.99513625	0	1.20496
110.736208	15.04318021	0	1.20499
111.0323356	15.09122656	0	1.20503
111.3284628	15.13927507	0	1.20506
111.6245897	15.18732551	0	1.20509
111.9207164	15.23537763	0	1.20511
112.2168428	15.28343122	0	1.20514
112.512969	15.33148621	0	1.20516
112.809095	15.37954258	0	1.20519
113.1052207	15.4276003	0	1.20521
113.4013463	15.47565918	0	1.20523
113.6974717	15.52371903	0	1.20525
113.9935969	15.57177991	0	1.20526
114.2897219	15.61984215	0	1.20528
114.5858466	15.66790616	0	1.20529
114.881971	15.7159723	0	1.20531
115.178095	15.76404071	0	1.20532
115.4742186	15.81211154	0	1.20533
115.7703418	15.8601853	0	1.20533
116.0664643	15.90826299	0	1.20533
116.3625859	15.95634577	0	1.20533
116.6587068	16.00443371	0	1.20532
116.9548272	16.05252411	0	1.20531
117.2509485	16.10060928	0	1.2053
117.5470732	16.1486736	0	1.20531
117.8432055	16.19669039	0	1.20538
118.1393521	16.24461961	0	1.20553
118.4355214	16.29240791	0	1.20582
118.7317236	16.33999221	0	1.20632
119.027968	16.38731283	0	1.20709
119.3242607	16.43433018	0	1.20817
119.6206076	16.4810046	0	1.20959
119.9170056	16.52735305	0	1.2114
120.2134422	16.57345469	0	1.21353
120.5098965	16.61944183	0	1.21565
120.806339	16.66550534	0	1.21732
121.1027363	16.71185862	0	1.2182
121.3990467	16.75876361	0	1.21814
121.6952194	16.80652966	1	1.21715
121.9911877	16.85554462	1	1.21529
122.2868765	16.9062163	1	1.21276
122.5822052	16.95894327	1	1.20984
122.8770614	17.01424707	1	1.20679
123.1713113	17.07268558	1	1.20391
123.4648105	17.13477921	1	1.2014
123.7573778	17.20111742	1	1.19914
124.0487809	17.27238626	1	1.19742
124.3387461	17.34928667	1	1.19775
124.6269588	17.43250372	1	1.19774
124.9130413	17.52275979	1	1.19743
125.1965705	17.62073052	1	1.19747
125.4770433	17.72712202	1	1.19681
125.753878	17.84263587	1	1.19549
126.0264574	17.96784934	1	1.19485
126.2940777	18.10332558	1	1.19217
126.5559829	18.24953379	1	1.18877
126.8113963	18.40679915	1	1.18711
127.0594706	18.57539476	1	1.18351
127.2993277	18.75548186	1	1.18091
127.5300615	18.947113	1	1.17594
127.7507571	19.15021995	1	1.17591
127.9605159	19.36460106	1	1.1735
128.158435	19.5899575	1	1.17257
128.3436625	19.82585693	1	1.17105
128.515451	20.07171826	1	1.17005
128.6731731	20.3268356	1	1.17203
128.8163384	20.59040255	1	1.1725
128.9445733	20.86155314	1	1.17314
129.0576546	21.13937104	1	1.17493
129.1555276	21.42291025	1	1.17541
129.2383628	21.71120798	1	1.17702
129.3065115	22.00333195	1	1.17892
129.3604617	22.29841345	1	1.17979
129.4009449	22.59564686	1	1.18226
129.4288271	22.89432995	1	1.18314
129.4450008	23.19387846	1	1.18448
129.450451	23.49381644	1	1.18767
129.4462587	23.79377695	1	1.19114
129.4335034	24.09349739	1	1.19452
129.4132144	24.39280383	1	1.19856
129.3864311	24.69160063	1	1.20384
129.3540658	24.98984557	1	1.20949
129.317048	25.28754995	1	1.21543
129.2762886	25.58476615	1	1.22175
129.2325146	25.88155399	1	1.22811
129.1864942	26.1780024	1	1.234
129.1388898	26.47420096	1	1.23906
129.0901938	26.77022222	1	1.24276
129.0409074	27.06614589	1	1.24495
128.9914158	27.36203536	1	1.24563
128.9420345	27.65794325	1	1.24496
128.8929841	27.95390617	1	1.24335
128.8443899	28.24994431	1	1.24108
128.7963296	28.54606958	1	1.23858
128.7488313	28.84228551	1	1.23628
128.7018477	29.13858351	0	1.23452
128.6552778	29.43494685	0	1.23349
128.6090004	29.73135602	0	1.23321
128.5629027	30.02779319	0	1.2334
128.5168974	30.32424473	0	1.23361
128.4709285	30.62070191	0	1.23374
128.4249642	30.9171598	0	1.23388
128.3789888	31.21361597	0	1.234
128.3329971	31.51006962	0	1.2341
128.2869897	31.80652083	0	1.23419
128.2409698	32.1029701	0	1.23427
128.1949411	32.39941801	0	1.23434
128.1489071	32.69586508	0	1.2344
128.1028702	32.99231172	0	1.23446
128.0568324	33.2887582	0	1.23452
128.0107947	33.5852047	0	1.23458
127.9647576	33.8816513	0	1.23464
127.9187213	34.17809802	0	1.2347
127.8726855	34.47454483	0	1.23476
127.8266501	34.77099169	0	1.23483
127.7806148	35.06743857	0	1.23489
127.7345794	35.36388543	0	1.23495
127.6885438	35.66033226	0	1.23501
127.6425079	35.95677904	0	1.23507
127.5964717	36.25322578	0	1.23513
127.5504352	36.54967247	0	1.23519
127.5043986	36.84611914	0	1.23525
127.4583618	37.14256579	0	1.23531
127.4123251	37.43901244	0	1.23537
127.3662884	37.73545911	0	1.23543
127.320252	38.03190581	0	1.23549
127.2742157	38.32835254	0	1.23556
127.2281796	38.62479929	0	1.23562
127.1821436	38.92124605	0	1.23568
127.1361076	39.21769282	0	1.23574
127.0900716	39.51413959	0	1.2358
127.0440355	39.81058635	0	1.23586
126.9979994	40.1070331	0	1.23592
126.9519632	40.40347984	0	1.23598
126.9059271	40.69992659	0	1.23604
126.859891	40.99637335	0	1.2361
126.813855	41.29282012	0	1.23617
126.767819	41.58926689	0	1.23623
126.721783	41.88571365	0	1.23629
126.6757468	42.1821604	0	1.23635
126.6297106	42.47860713	0	1.23641
126.5836741	42.77505383	0	1.23647
126.5376375	43.0715005	0	1.23653
126.4916006	43.36794712	0	1.23659
126.4455634	43.66439371	0	1.23665
126.3995259	43.96084025	0	1.23671
126.3534882	44.25728675	0	1.23677
126.3074503	44.55373323	0	1.23683
126.2614123	44.85017968	0	1.23689
126.2153742	45.14662612	0	1.23695
126.169336	45.44307255	0	1.23701
126.1232978	45.73951897	0	1.23706
126.0772595	46.03596539	0	1.23712
126.0312212	46.33241181	0	1.23718
125.985183	46.62885823	0	1.23724
125.9391447	46.92530464	0	1.2373
125.8931063	47.22175104	0	1.23736
125.8470679	47.51819743	0	1.23742
125.8010295	47.81464382	0	1.23748
125.754991	48.11109021	0	1.23753
125.7089526	48.40753661	0	1.23759
125.6629143	48.70398302	0	1.23765
125.6168761	49.00042945	0	1.23771
125.5708381	49.29687589	0	1.23777
125.5248001	49.59332236	0	1.23783
125.4787622	49.88976883	0	1.23789
125.4327242	50.18621528	0	1.23795
125.386686	50.48266172	0	1.23801
125.3406476	50.77910811	0	1.23806
125.2946087	51.07555444	0	1.23812
125.2485694	51.37200069	0	1.23818
125.2025296	51.66844686	0	1.23824
125.1564891	51.96489294	0	1.23829
125.1104481	52.26133893	0	1.23835
125.0644065	52.55778483	0	1.23841
125.0183643	52.85423064	0	1.23846
124.9723216	53.15067635	0	1.23851
124.9262782	53.44712198	0	1.23857
124.8802341	53.74356749	0	1.23862
124.8341893	54.0400129	0	1.23867
124.7881437	54.33645818	0	1.23872
124.7420974	54.63290334	0	1.23878
124.6960503	54.92934838	0	1.23883
124.6500025	55.22579333	0	1.23887
124.6039542	55.52223818	0	1.23892
124.5579054	55.81868296	0	1.23897
124.5118562	56.11512769	0	1.23902
124.4658068	56.41157237	0	1.23907
124.4197572	56.70801703	0	1.23911
124.3737075	57.00446166	0	1.23916
124.3276577	57.30090628	0	1.23921
124.2816077	57.59735089	0	1.23926
124.2355576	57.89379547	0	1.2393
124.1895073	58.19024001	0	1.23935
124.1434566	58.4866845	0	1.23939
124.0974055	58.78312893	0	1.23944
124.0513539	59.07957327	0	1.23949
124.0053017	59.37601752	0	1.23953
123.9592489	59.67246168	0	1.23957
123.9131955	59.96890575	0	1.23962
123.8671416	60.26534973	0	1.23966
123.8210872	60.56179364	0	1.2397
123.7750324	60.85823749	0	1.23975
123.7289773	61.15468129	0	1.23979
123.6829219	61.45112504	0	1.23983
123.6368661	61.74756875	0	1.23987
123.59081	62.0440124	0	1.23991
123.5447536	62.34045599	0	1.23995
123.4986967	62.63689951	0	1.23999
123.4526394	62.93334298	0	1.24003
123.4065818	63.22978639	0	1.24007
123.360524	63.52622976	0	1.24011
123.3144659	63.8226731	0	1.24015
123.2684077	64.11911643	0	1.24019
123.2223495	64.41555974	0	1.24022
123.1762912	64.71200306	0	1.24026
123.130233	65.00844637	0	1.2403
123.0841748	65.30488969	0	1.24034
123.0381166	65.60133301	0	1.24038
122.9920583	65.89777631	0	1.24042
122.9459998	66.19421959	0	1.24046
122.899941	66.49066281	0	1.24049
122.8538817	66.78710596	0	1.24053
122.8078218	67.08354902	0	1.24057
122.7617611	67.37999196	0	1.2406
122.7156998	67.6764348	0	1.24064
122.6696378	67.97287753	0	1.24067
122.6235752	68.26932017	0	1.24071
122.5775121	68.56576272	0	1.24074
122.5314486	68.86220521	0	1.24078
122.4853846	69.15864764	0	1.24081
122.4393202	69.45508999	0	1.24084
122.3932553	69.75153227	0	1.24087
122.3471897	70.04797444	0	1.2409
122.3011234	70.34441651	0	1.24093
122.2550564	70.64085845	0	1.24096
122.2089885	70.93730027	0	1.24099
122.1629199	71.23374198	0	1.24102
122.1168507	71.53018358	0	1.24105
122.0707808	71.82662509	0	1.24108
122.0247105	72.12306653	0	1.2411
121.9786398	72.41950791	0	1.24113
121.9325688	72.71594924	0	1.24115
121.8864975	73.01239053	0	1.24118
121.840426	73.30883178	0	1.2412
121.7943543	73.605273	0	1.24123
121.7482823	73.90171417	0	1.24125
121.7022099	74.19815528	0	1.24128
121.6561367	74.49459628	0	1.2413
121.6100695	74.7910382	0	1.24133
121.5640071	75.08748086	0	1.24137
121.517947	75.3839239	0	1.2414
121.471887	75.68036693	0	1.24144
121.4258247	75.97680962	0	1.24147
121.3797581	76.27325163	0	1.2415
121.3336851	76.56969265	0	1.24153
121.2876038	76.86613238	0	1.24154
121.2415124	77.16257054	0	1.24155
121.1954093	77.45900688	0	1.24154
121.1492925	77.75544109	0	1.24152
121.1031612	78.05187304	0	1.24148
121.0570145	78.34830261	0	1.24143
121.010852	78.6447297	0	1.24137
120.9755581	78.8713015	0	1.24131
