52.76218179	121.360126	1	3.24924
52.47594291	121.4500827	1	3.26085
52.19007502	121.5412115	1	3.27402
51.90489587	121.6344732	1	3.28674
51.62041955	121.7298574	1	3.29867
51.33629568	121.8262863	1	3.31161
51.05304188	121.9252418	1	3.32303
50.77014237	122.0252056	1	3.33495
50.4877447	122.1265785	1	3.34661
50.20594749	122.2296088	1	3.35742
49.92442012	122.3333741	1	3.36848
49.64350981	122.4387985	1	3.37843
49.36289843	122.5450161	1	3.38818
49.08261517	122.6520964	1	3.39759
48.80278525	122.7603559	1	3.40598
48.52313548	122.8690799	1	3.41415
48.2438637	122.9787712	1	3.422
47.96479984	123.0889904	1	3.43113
47.68591382	123.1996588	1	3.4418
47.40729787	123.3110054	1	3.45373
47.12876998	123.422572	1	3.46736
46.85040773	123.5345513	1	3.48247
46.57212979	123.64674	1	3.49915
46.29390753	123.7590667	1	3.51736
46.01574055	123.8715302	1	3.537
45.73756907	123.9839825	1	3.55819
45.45938136	124.0963947	1	3.58083
45.18112504	124.208637	1	3.605
44.90282907	124.3207809	1	3.63051
44.6243537	124.4324786	1	3.65765
44.34577869	124.5439276	1	3.68609
44.06703792	124.6549613	1	3.71591
43.78804902	124.7653701	1	3.74722
43.50892917	124.8754474	1	3.77959
43.22942592	124.9845475	1	3.81359
42.94970353	125.0930846	1	3.74533
42.6696989	125.2008914	1	3.59972
42.38924469	125.3075232	1	3.45616
42.10857194	125.4135784	1	3.31533
41.82735241	125.5181752	1	3.17664
41.54578312	125.6218268	1	3.04126
41.26386143	125.7245159	1	2.90975
40.9813271	125.8255073	1	2.7815
40.6985248	125.9257458	1	2.65795
40.41513673	126.0243161	1	2.53852
40.13132152	126.1216498	1	2.42379
39.84716774	126.2179905	1	2.31533
39.56231623	126.3122482	1	2.21271
39.27717889	126.4056378	1	2.11678
38.99147168	126.4972691	1	2.02715
38.70526979	126.5873434	1	1.94451
38.41880758	126.6765864	1	1.87013
38.13456903	126.7726766	1	1.81279
37.85073455	126.869954	1	1.76807
37.5675365	126.9690689	1	1.73714
37.28325762	127.0650398	1	1.71358
36.99840178	127.1592845	1	1.69873
36.71212542	127.2491218	1	1.68976
36.42527106	127.3370961	1	1.68907
36.13756551	127.4222455	1	1.69533
35.84888266	127.5040202	1	1.70775
35.55972901	127.5841144	1	1.72791
35.26949138	127.6601868	1	1.75289
34.97872113	127.7341974	1	1.78377
34.68733581	127.8057481	1	1.81974
34.39511126	127.8737901	1	1.85916
34.10251533	127.9402169	1	1.90381
33.80912593	128.0030465	1	1.95116
33.51527164	128.0636647	1	2.00201
33.22099351	128.1221906	1	2.05615
32.92602508	128.1771317	0	2.11182
32.63077647	128.2305467	0	2.17054
32.33497634	128.2808178	0	2.23039
32.0387923	128.3287752	0	2.29251
31.74233205	128.3749945	0	2.35666
31.44533282	128.4176133	0	2.42067
31.1481335	128.4588136	0	2.48644
30.85057279	128.4973172	0	2.5525
30.55271421	128.5334444	0	2.61902
30.25468805	128.568162	0	2.68673
29.95627203	128.5993513	0	2.75327
29.65772229	128.6292337	0	2.82059
29.35895234	128.6568276	0	2.88742
29.05997183	128.6820378	0	2.9535
28.76088649	128.7059724	0	3.01977
28.46157181	128.7268439	0	3.08409
28.16216482	128.7463468	0	3.14779
27.86263982	128.7639445	0	3.2101
27.56298593	128.7791906	0	3.16861
27.26327467	128.7932643	0	3.10618
26.9634483	128.8046242	0	3.04642
26.66356429	128.8143444	0	2.98826
26.36362655	128.8222348	0	2.9319
26.06362504	128.827133	0	2.87848
25.76360337	128.8305833	0	2.82649
25.46356196	128.8308011	0	2.77768
25.16352777	128.8287062	0	2.73116
24.86351508	128.8245481	0	2.68667
24.56358535	128.81636	0	2.64618
24.26371077	128.8063528	0	2.60749
23.9639824	128.7926489	0	2.57247
23.6644145	128.7757975	0	2.54059
23.36498124	128.7567023	0	2.51094
23.06592744	128.7323773	0	2.48651
22.76706268	128.70583	0	2.46431
22.46859244	128.6751639	0	2.44623
22.17057801	128.640346	0	2.43233
21.87285858	128.6030896	0	2.42088
21.57601127	128.5594256	0	2.41589
21.27958427	128.5129936	0	2.4137
20.98389639	128.4620666	0	2.41607
20.68916366	128.405875	0	2.42379
20.39500377	128.3467576	0	2.43449
20.10233209	128.2806657	0	2.45231
19.81049939	128.2109622	0	2.47383
19.5200298	128.1357805	0	2.50098
19.23094579	128.0554355	0	2.53345
18.94337924	127.969818	0	2.57136
18.65746731	127.8788277	0	2.61485
18.37334769	127.7823864	0	2.664
18.09115923	127.6804328	0	2.71891
17.81103814	127.5729291	0	2.77963
17.5331081	127.4598815	0	2.84617
17.25747666	127.3413396	0	2.91851
16.98424041	127.2173766	0	2.99659
16.71350699	127.0880387	0	3.08038
16.44537961	126.9533815	0	3.13021
16.17997082	126.8134421	1	3.02977
15.9173967	126.6682535	1	2.92623
15.65777589	126.5178477	1	2.82169
15.40123672	126.362244	1	2.71734
15.14791215	126.2014599	1	2.61417
14.89793967	126.0355122	1	2.51334
14.65146721	125.8644094	1	2.41587
14.40865146	125.6881556	1	2.3221
14.16965231	125.5067603	1	2.23606
13.93464245	125.3202255	1	2.1528
13.70380595	125.1285504	1	2.0782
13.4773293	124.9317429	1	2.01081
13.25541663	124.7298032	1	1.94771
13.0382783	124.5227385	1	1.89423
12.82613444	124.3105597	1	1.8466
12.61922142	124.0932769	1	1.80432
12.41777757	123.8709141	1	1.76645
12.22206143	123.6434937	1	1.73791
12.03277256	123.4106964	1	1.71148
11.84887265	123.1736191	1	1.69209
11.67022168	122.9325616	1	1.6769
11.49681478	122.6877047	1	1.67126
11.32864161	122.439224	1	1.67116
11.16568124	122.1872939	1	1.67845
11.00791096	121.9320815	1	1.69227
10.85530394	121.6737484	1	1.71619
10.70783048	121.4124508	1	1.74677
10.56545752	121.1483394	1	1.78413
10.42814757	120.8815608	1	1.82739
10.29586302	120.6122549	1	1.88057
10.16856497	120.3405564	1	1.93856
10.04621371	120.0665946	1	2.00294
9.928769167	119.7904938	1	2.07515
9.816191292	119.5123731	1	2.15223
9.708440445	119.232347	1	2.23576
9.605477732	118.9505251	1	2.3223
9.507265315	118.6670128	1	2.41617
9.413766698	118.3819113	1	2.51202
9.324946989	118.0953176	1	2.61132
9.240773135	117.8073252	1	2.71371
9.161214147	117.5180238	1	2.81713
9.086241298	117.2275002	1	2.92144
9.015828311	116.9358379	1	3.02682
8.949951538	116.6431177	1	3.13265
8.888590119	116.3494177	1	3.11231
8.831726144	116.0548139	1	3.00732
8.779344993	115.7593802	1	2.90535
8.731435854	115.4631883	1	2.80729
8.687990203	115.166309	0	2.71473
8.648987863	114.8688132	0	2.62772
8.614371041	114.5707754	0	2.54445
8.58406002	114.2722688	0	2.46394
8.557969246	113.9733639	0	2.38472
8.536008733	113.6741271	0	2.31081
8.518081615	113.3746217	0	2.24315
8.504088223	113.0749067	0	2.17933
8.493927667	112.7750373	0	2.11927
8.487494386	112.4750648	0	2.06287
8.484678979	112.1750365	0	2.01003
8.485371488	111.8749958	0	1.96064
8.48946252	111.5749822	0	1.9146
8.496836256	111.2750313	0	1.87182
8.507392243	110.9751755	0	1.83218
8.521052748	110.6754452	0	1.79563
8.537647135	110.3758629	0	1.762
8.55705849	110.07645	0	1.73117
8.579171163	109.7772244	0	1.70304
8.603870703	109.4782013	0	1.67749
8.631040678	109.1793925	0	1.65442
8.66056566	108.8808072	0	1.6337
8.69233131	108.582452	0	1.61523
8.726224222	108.2843309	0	1.59889
8.762131634	107.9864458	0	1.58459
8.799940321	107.688796	0	1.57219
8.839538753	107.391379	0	1.5616
8.880816197	107.0941903	0	1.55271
8.923662787	106.7972239	0	1.54539
8.967969584	106.5004718	0	1.53956
9.013628145	106.2039246	0	1.53509
9.060530507	105.9075717	0	1.53187
9.108569726	105.6114009	0	1.52981
9.157639495	105.3153991	0	1.5288
9.20763408	105.0195521	0	1.52872
9.258448254	104.7238448	0	1.52947
9.309977262	104.4282612	0	1.53095
9.362116698	104.1327846	0	1.53305
9.414762289	103.8373979	0	1.53566
9.467809948	103.542083	0	1.53869
9.521155739	103.2468219	0	1.54201
9.574695711	102.9515959	0	1.54553
9.628325788	102.6563863	0	1.54914
9.681941679	102.3611741	0	1.55274
9.735438682	102.0659403	0	1.55622
9.788711701	101.7706661	0	1.55947
9.841655157	101.4753325	0	1.56239
9.894162825	101.1799212	0	1.56486
9.946127743	100.8844139	0	1.56678
9.997441757	100.5887929	0	1.56804
10.0479961	100.293041	0	1.56853
10.09768111	99.9971419	0	1.56814
10.14638592	99.70107984	0	1.56675
10.19579341	99.40513422	0	1.56608
10.24532331	99.10920907	0	1.56553
10.29485331	98.81328394	0	1.56498
10.34438332	98.5173588	0	1.56443
10.39391333	98.22143367	0	1.56388
10.44344335	97.92550854	0	1.56333
10.49297336	97.62958341	0	1.56278
10.54250334	97.33365827	0	1.56223
10.59203326	97.03773312	0	1.56169
10.64156305	96.74180795	0	1.56114
10.69109266	96.44588275	0	1.56059
10.74062224	96.14995754	0	1.56004
10.79015252	95.85403246	0	1.55949
10.83968448	95.55810765	0	1.55894
10.88921939	95.26218334	0	1.5584
10.93875608	94.96625932	0	1.55785
10.98829279	94.67033531	0	1.55731
11.03782692	94.37441087	0	1.55677
11.08735828	94.07848596	0	1.55622
11.13688645	93.78256052	0	1.55567
11.18641116	93.4866345	0	1.55511
11.23593473	93.19070829	0	1.55456
11.28545935	92.89478225	0	1.554
11.33498603	92.59885656	0	1.55345
11.38451472	92.30293121	0	1.5529
11.43404503	92.00700612	0	1.55235
11.48357565	91.71108109	0	1.5518
11.53310609	91.41515603	0	1.55126
11.58263674	91.119231	0	1.55071
11.63216756	90.82330601	0	1.55016
11.68169815	90.52738097	0	1.54961
11.73122783	90.23145578	0	1.54906
11.78075669	89.93553046	0	1.54851
11.83028558	89.63960514	0	1.54796
11.87981503	89.34367991	0	1.54741
11.92934521	89.0477548	0	1.54686
11.97887556	88.75182973	0	1.54631
12.02840577	88.45590463	0	1.54576
12.07793573	88.15997949	0	1.54521
12.12746559	87.86405433	0	1.54467
12.17699542	87.56812917	0	1.54412
12.22652531	87.27220401	0	1.54357
12.27605526	86.97627887	0	1.54302
12.32558528	86.68035374	0	1.54247
12.37511534	86.38442861	0	1.54192
12.42464541	86.08850349	0	1.54137
12.47417549	85.79257837	0	1.54082
12.52370555	85.49665324	0	1.54027
12.57323557	85.20072811	0	1.53972
12.62276557	84.90480298	0	1.53917
12.6722956	84.60887785	0	1.53862
12.7218257	84.31295273	0	1.53808
12.77135587	84.01702762	0	1.53753
12.82088603	83.72110251	0	1.53698
12.87041607	83.42517738	0	1.53643
12.91994602	83.12925224	0	1.53588
12.96947594	82.83332709	0	1.53533
13.01900595	82.53740196	0	1.53478
13.06853604	82.24147684	0	1.53423
13.11806619	81.94555173	0	1.53368
13.16759629	81.64962661	0	1.53313
13.21712632	81.35370148	0	1.53259
13.26665632	81.05777635	0	1.53204
13.31618633	80.76185122	0	1.53149
13.36571636	80.46592609	0	1.53094
13.4152464	80.17000096	0	1.53039
13.46477643	79.87407583	0	1.52984
13.51432606	79.57815398	0	1.52931
13.56430649	79.28230459	0	1.52922
13.61628973	78.98680054	0	1.53116
13.66827482	78.6912968	0	1.5331
13.71923019	78.39561377	0	1.534
13.76920431	78.09976332	0	1.5339
13.81824837	77.80375726	0	1.53286
13.8664133	77.50760688	0	1.53092
13.91374981	77.21132297	0	1.52815
13.96030815	76.91491577	0	1.52459
14.00614013	76.61839539	0	1.5203
14.05129779	76.32177157	0	1.51532
14.09583281	76.02505363	0	1.50971
14.13979665	75.72825052	0	1.50353
14.18324099	75.43137092	0	1.49682
14.22621844	75.13442337	0	1.48964
14.2687814	74.83741613	0	1.48204
14.31098202	74.54035719	0	1.47408
14.3528723	74.24325433	0	1.4658
14.39450508	73.94611528	0	1.45726
14.43593306	73.6489476	0	1.44852
14.47720878	73.35175873	0	1.43962
14.5183848	73.05455604	0	1.43062
14.55951392	72.75734685	0	1.42157
14.60064893	72.46013848	0	1.41253
14.64184257	72.16293822	0	1.40355
14.68314773	71.86575345	0	1.39468
14.72461729	71.56859157	0	1.38598
14.76630392	71.27146007	0	1.37749
14.80826037	70.97436654	0	1.36928
14.8505397	70.67731879	0	1.3614
14.89319482	70.38032478	0	1.35389
14.93627814	70.08339257	0	1.34682
14.97984222	69.78653052	0	1.34023
15.02394009	69.48974729	0	1.33418
15.06862463	69.19305183	0	1.32873
15.11394777	68.89645325	0	1.32392
15.15996166	68.59996105	0	1.31981
15.20671905	68.30358518	0	1.31645
15.25427265	68.00733603	0	1.3139
15.3026737	67.71122415	0	1.3122
15.35197359	67.4152606	0	1.31142
15.40222441	67.11945702	0	1.3116
15.45347861	66.82382564	0	1.3128
15.50578637	66.52837885	0	1.31507
15.55919795	66.23312962	0	1.31846
15.61376424	65.93809162	0	1.32303
15.669537	65.6432793	0	1.32882
15.72656528	65.34870728	0	1.33589
15.78489768	65.05439072	0	1.34429
15.84458334	64.76034562	0	1.35407
15.90567181	64.46658874	0	1.36528
15.9682118	64.17313746	0	1.37797
16.03224967	63.88000942	0	1.39219
16.09783181	63.587223	0	1.40799
16.16500473	63.29479745	0	1.42542
16.23381511	63.00275288	0	1.44453
16.30430829	62.71110993	0	1.46536
16.37652718	62.41988951	0	1.48797
16.45051456	62.12911336	0	1.5124
16.5263128	61.838804	0	1.53868
16.60396353	61.54898463	0	1.56688
16.68350803	61.25967931	0	1.59703
16.76498619	60.97091261	0	1.62917
16.84843526	60.68270929	0	1.66336
16.93389187	60.39509485	0	1.69962
17.02139196	60.10809549	0	1.738
17.11097017	59.82173795	0	1.77853
17.20265983	59.53604948	0	1.82126
17.2964929	59.25105781	0	1.86621
17.39249987	58.96679111	0	1.91344
17.49070977	58.68327795	0	1.96296
17.59115008	58.40054727	1	2.01481
17.69384667	58.1186283	1	2.06901
17.79882378	57.83755055	1	2.12561
17.90610397	57.55734374	1	2.18463
18.01570992	57.27803848	1	2.24609
18.12767585	56.99967087	1	2.30854
18.24206201	56.72228901	1	2.37372
18.35894287	56.44594908	1	2.44371
18.47839656	56.17071153	1	2.51877
18.60050408	55.89664102	1	2.59834
18.72535017	55.62380711	1	2.68223
18.85301795	55.35228211	1	2.7706
18.9835932	55.08214328	1	2.86326
19.11716515	54.81347356	1	2.9598
19.25382543	54.5463615	1	3.06033
19.39366806	54.28090167	1	3.15015
19.53678944	54.01719511	1	3.08336
19.68328887	53.75535013	1	3.02044
19.83326777	53.49548246	1	2.96113
19.98682705	53.23771431	1	2.90438
20.14406992	52.98217654	1	2.85029
20.30510172	52.72900934	1	2.79886
20.47002871	52.47836228	1	2.75006
20.63895764	52.23039478	1	2.70459
20.81199543	51.98527688	1	2.66281
20.98924952	51.74319044	1	2.62413
21.1708263	51.50432912	1	2.58978
21.35682647	51.26889594	1	2.55927
21.54734767	51.03710612	1	2.53235
21.7424836	50.80918768	1	2.50885
21.9423247	50.58538335	1	2.4887
22.1469582	50.36595235	1	2.47193
22.35645083	50.15115553	1	2.46238
22.57086272	49.94126896	1	2.45594
22.79024958	49.73658814	1	2.45216
23.01464123	49.53740679	1	2.45612
23.24405513	49.34403127	1	2.46297
23.47849254	49.15677764	1	2.47446
23.71792768	48.97595829	1	2.48977
23.96231103	48.80188475	1	2.51122
24.21150388	48.63476876	1	2.53669
24.46526311	48.47467164	1	2.56546
24.72329043	48.32154836	1	2.59966
24.9852931	48.17533121	1	2.63967
25.25098217	48.03592471	1	2.6826
25.52008056	47.90321857	1	2.73031
25.79232292	47.77708782	1	2.78285
26.06745359	47.65738824	1	2.83955
26.34523465	47.54397502	1	2.90034
26.62543785	47.43668547	1	2.96494
26.90784891	47.33534998	1	3.03214
27.19227024	47.23980212	1	3.1028
27.47851726	47.1498714	1	3.17575
27.76641625	47.0653784	1	3.25214
28.05580729	46.98614636	1	3.32925
28.34654335	46.91200161	1	3.40904
28.63848879	46.84277186	1	3.49098
28.93151881	46.77828694	1	3.57321
29.22551879	46.71837942	1	3.6566
29.52038364	46.66288511	1	3.74095
29.81601719	46.61164347	1	3.82565
30.11233154	46.56449787	1	3.90989
30.40924649	46.5212958	1	3.99337
30.70668893	46.48188901	1	4.07662
31.00459236	46.44613357	1	4.15856
31.30289631	46.41388987	1	4.23983
31.60154594	46.38502289	1	4.31908
31.90049164	46.35940316	1	4.39612
32.19968848	46.33690525	1	4.47016
32.49909555	46.31740367	1	4.5409
32.79867607	46.30077788	1	4.60823
33.09839702	46.28691221	1	4.67217
33.3982288	46.27569574	1	4.73296
33.69814489	46.26702157	1	4.7909
33.99812149	46.26078111	1	4.84625
34.2981375	46.25686968	1	4.89917
34.59817429	46.2551866	1	4.94987
34.89821546	46.25563385	1	4.99865
35.1982467	46.25811595	1	5
35.49825562	46.2625382	1	5
35.79823164	46.26880638	1	5
36.09816589	46.27682831	0	5
36.39805105	46.28651327	0	5
36.69788127	46.29777122	0	5
36.99765213	46.31051242	0	5
37.29736051	46.3246472	0	5
37.59700457	46.34008558	0	5
37.89658364	46.35673751	0	5
38.19609774	46.37451988	0	5
38.49554535	46.39338872	0	5
38.79492167	46.41335676	0	5
39.09422875	46.43433716	0	5
39.39347588	46.45615601	0	5
39.69265642	46.47886972	0	5
39.99177739	46.50235485	0	5
40.29084486	46.52651176	0	5
40.58985165	46.55140843	0	5
40.88881111	46.57686716	0	5
41.18772695	46.60283304	0	5
41.48659332	46.62936229	0	5
41.78542417	46.65628866	0	5
42.08422225	46.6835763	0	5
42.3829877	46.71121885	0	5
42.68173011	46.73910928	0	5
42.98045207	46.76721795	0	5
43.27915783	46.7954983	0	5
43.57785364	46.82388343	0	5
43.87654312	46.85233516	0	5
44.17523141	46.88079941	0	5
44.47392331	46.90922576	0	5
44.77262461	46.93755307	0	5
45.07133791	46.96575366	0	5
45.37006816	46.99377404	0	5
45.668824	47.02152031	0	5
45.96760408	47.04900428	0	5
46.26641436	47.07615801	0	5
46.5652631	47.1028851	0	5
46.8641477	47.12920806	0	5
47.16307565	47.15503421	0	5
47.46205113	47.1803041	0	5
47.76107233	47.20502709	0	5
48.06014904	47.22906931	0	5
48.35927904	47.25243919	0	5
48.65846287	47.27510952	0	5
48.95771277	47.29689021	0	5
49.25701859	47.3178887	0	5
49.55638286	47.33803657	0	5
49.85581747	47.35711067	0	5
50.15530723	47.37529831	0	5
50.45485503	47.3925035	0	5
50.75446641	47.40856368	0	5
51.05413014	47.42361535	0	5
51.35384987	47.43750742	0	5
51.65362324	47.45018928	0	5
51.95344228	47.46174151	0	5
52.25330989	47.47195512	0	5
52.55321779	47.48090816	0	5
52.85316099	47.48858835	0	5
53.15314009	47.4947072	0	5
53.45314331	47.49950025	0	5
53.75316586	47.50287276	0	5
54.05320302	47.50448766	0	5
54.35324448	47.50465603	0	5
54.65328252	47.50321476	0	5
54.95330599	47.49992475	0	5
55.25330746	47.49502358	0	5
55.55327304	47.48827405	0	5
55.85318911	47.4795994	0	5
56.15304751	47.46911848	0	5
56.45282393	47.45650895	0	5
56.75251034	47.44191598	0	5
57.05209184	47.42530782	0	5
57.35152733	47.40624774	0	5
57.65082451	47.38512655	0	5
57.94995479	47.36176042	1	5
58.24885622	47.33562933	1	5
58.54755227	47.30724667	1	4.9927
58.84599892	47.27635171	1	4.91375
59.14413405	47.24258272	1	4.83202
59.44197309	47.20629489	1	4.74786
59.73944646	47.16712231	1	4.6609
60.03651432	47.12498461	1	4.57405
60.33316969	47.08003473	1	4.48738
60.62930254	47.03176224	1	4.40005
60.92491958	46.98042546	1	4.31635
61.21997947	46.92597766	1	4.23412
61.51431898	46.86776128	1	4.15198
61.80800982	46.80635616	1	4.06973
62.10095183	46.7414726	1	3.99374
62.39292704	46.67236857	1	3.91725
62.68406353	46.5998121	1	3.84094
62.97421332	46.52340533	1	3.7676
63.2631826	46.44264862	1	3.69703
63.55105808	46.35807554	1	3.62723
63.83761349	46.26913236	1	3.55685
64.12274671	46.17573033	1	3.4938
64.4064703	46.07813003	1	3.43147
64.68845409	45.97561158	1	3.36914
64.96875319	45.86857277	1	3.31037
65.24725961	45.75695259	1	3.25627
65.52350807	45.63985573	1	3.20343
65.79777369	45.51818707	1	3.15157
66.06979296	45.39157583	1	3.10711
66.33898199	45.25905355	1	3.06337
66.60575902	45.12174037	1	3.02441
66.8697521	44.97914813	1	2.98817
67.13049713	44.83069976	1	2.95275
67.38828671	44.67717638	1	2.92915
67.64259459	44.51795202	1	2.90586
67.89326181	44.35305557	1	2.88292
68.14040554	44.18292362	1	2.87095
68.38332207	44.00680873	1	2.86139
68.6222624	43.8253358	1	2.85529
68.85707203	43.63854891	1	2.85324
69.08685666	43.44561389	1	2.85424
69.31239832	43.24773548	1	2.86931
69.53341384	43.04481423	1	2.88581
69.74912156	42.8362595	1	2.90205
69.96060477	42.62342212	1	2.93104
70.16757415	42.40619283	1	2.96204
70.3696616	42.18441465	1	3.00216
70.567627	41.95894937	1	3.04502
70.76110241	41.72961956	1	3.08899
70.95021711	41.49668067	1	3.14756
71.13540995	41.26061182	1	3.20741
71.31625004	41.0211922	1	3.26843
71.49328874	40.77894812	1	3.33654
71.66667226	40.53407458	1	3.40676
71.83592504	40.28632795	1	3.48236
72.0018952	40.03637034	1	3.55967
72.16452076	39.78422391	1	3.63939
72.32337066	39.52968195	1	3.72309
72.47930317	39.27334243	1	3.8092
72.63220912	39.01518614	1	3.89615
72.78194136	38.75517622	1	3.98378
72.92905667	38.49367673	1	4.0753
73.07338845	38.23063065	1	4.16631
73.21507854	37.96615226	1	4.25817
73.35443594	37.70043735	1	4.35059
73.49126687	37.43341263	1	4.44238
73.62594598	37.16529616	1	4.53349
73.75859177	36.89616795	1	4.62424
73.88898301	36.62594021	1	4.71244
74.01761202	36.35486922	1	4.79816
74.14448698	36.08297283	1	4.88196
74.26943369	35.81018495	0	4.96372
74.39290798	35.53672745	0	5
74.51488986	35.26260097	0	5
74.63535583	34.98780495	0	5
74.75459636	34.71247496	0	5
74.87257112	34.43660024	0	5
74.98938909	34.1602337	0	5
75.10521741	33.88345092	0	5
75.22001295	33.6062382	0	5
75.33396597	33.32867809	0	5
75.44716105	33.05080801	0	5
75.55956349	32.77261636	0	5
75.67138927	32.4941924	0	5
75.78268845	32.21555752	0	5
75.89345717	31.93671133	0	5
76.00387021	31.65772411	0	5
76.11398426	31.37861875	0	5
76.22384932	31.09941528	0	5
76.33356962	30.8201549	0	5
76.44321205	30.54086393	0	5
76.55284666	30.2615699	0	5
76.66253834	29.98229827	0	5
76.77235731	29.70307667	0	5
76.88233653	29.42391816	0	5
76.99253379	29.14484564	0	5
77.10304147	28.86589589	0	5
77.21384795	28.58706471	0	5
77.32503317	28.30838433	0	5
77.43671138	28.02990115	0	5
77.54883916	27.75159867	0	5
77.66151664	27.4735183	0	5
77.77483511	27.19569852	0	5
77.88876166	26.91812755	0	5
78.00342803	26.64086138	0	5
78.11887061	26.36391749	0	5
78.23509138	26.08729927	0	5
78.35225845	25.81108055	0	5
78.47032219	25.53524389	0	5
78.5893479	25.25982097	0	5
78.70954515	24.9849073	0	5
78.83075963	24.71044062	0	5
78.95313098	24.43648778	0	5
79.07688894	24.16315854	0	5
79.2018316	23.89036881	0	5
79.32813661	23.61820718	0	5
79.45595864	23.34675473	0	5
79.58516774	23.07595977	0	5
79.71599248	22.80594163	0	5
79.84844784	22.53671963	0	5
79.98250892	22.26829361	0	5
80.11846917	22.00082451	0	5
80.2561623	21.73424337	0	5
80.39568896	21.46861729	0	5
80.5374142	21.20415772	0	5
80.68099619	20.94070162	0	5
80.82665248	20.67838663	0	5
80.97476209	20.417449	0	5
81.12494195	20.15769736	0	5
81.27746985	19.89931752	0	5
81.43256899	19.64247289	0	5
81.58997685	19.38703666	0	5
81.75004504	19.13325904	0	5
81.91278313	18.88118521	1	5
82.07811174	18.63080279	1	5
82.24645296	18.38243585	1	5
82.41752125	18.13593931	1	5
82.59144155	17.89144671	1	5
82.76872052	17.64937839	1	5
82.94880637	17.40939092	1	5
83.13200646	17.17177225	1	5
83.3188314	16.9369929	1	5
83.50866674	16.70464092	1	5
83.70187102	16.47508263	1	4.9709
83.8987142	16.24863691	1	4.85511
84.09878822	16.02504067	1	4.74034
84.3025159	15.80476827	1	4.62755
84.50983043	15.58786832	1	4.51645
84.72056879	15.37429343	1	4.40548
84.93521322	15.16464452	1	4.29726
85.1533277	14.95860819	1	4.18878
85.3750081	14.75641351	1	4.08275
85.60078271	14.55880097	1	3.97753
85.82990012	14.36507411	1	3.87297
86.062637	14.17571089	1	3.77129
86.29945771	13.99148049	1	3.67086
86.53957769	13.81157142	1	3.57223
86.78328202	13.63654835	1	3.47488
87.03073312	13.46686382	1	3.37856
87.28141395	13.30198814	1	3.28731
87.53561973	13.14260088	1	3.19933
87.7931559	12.98865286	1	3.11388
88.05375913	12.83995579	1	3.03145
88.3176988	12.69726478	1	2.95142
88.58444868	12.55989895	1	2.87824
88.85389153	12.42789359	1	2.81233
89.12619453	12.30189379	1	2.7502
89.40066957	12.18069838	1	2.69396
89.67731432	12.06454096	1	2.64487
89.95623412	11.95395784	1	2.60374
90.23687314	11.84781352	1	2.57061
90.51925229	11.74638921	1	2.54556
90.8033362	11.64984279	1	2.52869
91.08879872	11.55745217	1	2.52076
91.37566981	11.46953254	1	2.52069
91.66379712	11.38582149	1	2.52788
91.95302207	11.30598535	1	2.54299
92.24338813	11.23040466	1	2.56568
92.5346833	11.15848794	1	2.59628
92.82685036	11.09019965	1	2.63373
93.11992677	11.02592594	1	2.67569
93.41368588	10.96484831	1	2.72247
93.70812713	10.90714876	1	2.77365
94.00327503	10.85318018	1	2.82917
94.2989487	10.80217062	1	2.88901
94.59514601	10.75429533	1	2.95171
94.89184785	10.70965322	1	3.01671
95.18895625	10.66780243	1	3.08404
95.48647488	10.62897512	1	3.15294
95.78434999	10.59298458	1	3.22322
96.0825312	10.55962503	1	3.21696
96.38102461	10.52918521	1	3.13587
96.67976674	10.50129192	1	3.05952
96.97873901	10.47598431	1	2.98707
97.27794266	10.45357727	0	2.91691
97.57731203	10.43350539	0	2.84898
97.87683821	10.41592808	0	2.78341
98.1765142	10.40112282	0	2.71966
98.47629294	10.38856871	0	2.65717
98.7761634	10.37843918	0	2.59366
99.07610781	10.37080699	0	2.53363
99.37609945	10.36533727	0	2.47879
99.67612481	10.36222592	0	2.42657
99.97616501	10.36134493	0	2.37673
100.2762041	10.36255604	0	2.32851
100.576225	10.36607271	0	2.28147
100.8762162	10.37156571	0	2.23358
101.1761645	10.37904413	0	2.18923
101.4760496	10.38872972	0	2.14807
101.7758725	10.40018072	0	2.1101
102.0756178	10.41350937	0	2.07439
102.3752644	10.42889884	0	2.04124
102.6748218	10.4459349	0	2.00804
102.9742746	10.46472115	0	1.97518
103.2736099	10.4852953	0	1.94718
103.5728355	10.50740747	0	1.92101
103.8719338	10.53117945	0	1.89556
104.1709048	10.5565029	0	1.86949
104.4697506	10.58326172	0	1.84326
104.7684531	10.61157737	0	1.8234
105.0670274	10.6412127	0	1.80652
105.3654686	10.67216018	0	1.79268
105.6637573	10.70454489	0	1.7785
105.9619205	10.73806485	0	1.76324
106.2599479	10.77277179	0	1.74927
106.5578237	10.8087569	0	1.73702
106.8555762	10.84574838	0	1.72665
107.1531965	10.88378884	0	1.71777
107.4506806	10.92287955	0	1.71018
107.7480469	10.96285741	0	1.7034
108.045286	11.00376967	0	1.6972
108.3424066	11.04553401	0	1.69094
108.6394182	11.08806608	0	1.68332
108.9363132	11.13140518	0	1.67485
109.2331106	11.17540786	0	1.66852
109.529813	11.22004587	0	1.66187
109.8264142	11.26535199	0	1.65204
110.1229376	11.31116422	0	1.64587
110.4193836	11.3574749	0	1.64264
110.71575	11.40429253	0	1.64033
111.012057	11.45148427	0	1.63769
111.3083073	11.49903067	0	1.63335
111.6045055	11.54690042	0	1.63106
111.9006646	11.59501212	0	1.63058
112.1967887	11.64333805	0	1.62987
112.4928867	11.69182404	0	1.6287
112.7889676	11.74041454	0	1.62633
113.0850371	11.78907393	0	1.62213
113.3811023	11.83775959	0	1.61663
113.6771696	11.88643262	0	1.6179
113.9732451	11.93505601	0	1.62019
114.2693316	11.98361158	0	1.62107
114.5654367	12.03205448	0	1.62207
114.8615674	12.08034002	0	1.62338
115.1577382	12.12837915	0	1.6244
115.4546839	12.17136914	0	1.6201
115.7510391	12.21825717	0	1.61924
116.0466334	12.26972411	0	1.62329
116.3414103	12.3256838	0	1.63223
116.6353153	12.38605557	0	1.6461
116.928296	12.45076405	0	1.66462
117.2203018	12.51973891	0	1.6878
117.511283	12.59291539	0	1.71537
117.8011903	12.67023722	0	1.74721
118.0899771	12.75164403	0	1.78291
118.3775965	12.83708376	0	1.82303
118.6639937	12.92653529	0	1.86844
118.9491269	13.0199373	0	1.91691
119.2329524	13.11724081	0	1.96796
119.5154223	13.21841209	0	2.02528
119.796487	13.3234241	0	2.08728
120.0761011	13.43223988	0	2.15165
120.3542121	13.54484161	0	2.21841
120.630772	13.66120109	0	2.28817
120.9057282	13.78130098	0	2.36324
121.1790274	13.90512507	0	2.44248
121.4506165	14.03265645	0	2.52276
121.720437	14.16388822	0	2.60089
121.9884339	14.29880519	0	2.67773
122.2545431	14.43740809	0	2.75369
122.5187069	14.57968379	0	2.83742
122.7808551	14.72564006	0	2.93274
123.0409258	14.87526659	0	3.03504
123.2988444	15.02857318	0	3.13739
123.5545414	15.18555698	0	3.1295
123.8079385	15.34622681	0	3.02232
124.0589571	15.51058791	0	2.91475
124.3075155	15.67864625	1	2.80733
124.553523	15.850417	1	2.701
124.7968941	16.02590313	1	2.59581
125.0375317	16.20511928	1	2.49134
125.2753358	16.38807863	1	2.38853
125.5102063	16.57478885	1	2.28814
125.742034	16.76526406	1	2.18981
125.9707023	16.95952082	1	2.0931
126.1960974	17.15756616	1	2.0009
126.4180958	17.3594116	1	1.9125
126.6365686	17.56506785	1	1.82726
126.8513814	17.77454417	1	1.74787
127.0623938	17.98784831	1	1.67529
127.2694594	18.20498589	1	1.60738
127.4724281	18.42595777	1	1.54781
127.6711429	18.65076274	1	1.49442
127.8654405	18.87939638	1	1.45128
128.0551507	19.11185045	1	1.41669
128.2400999	19.34811015	1	1.39216
128.4201092	19.58815494	1	1.37507
128.5949944	19.83195815	1	1.37219
128.764567	20.07948593	1	1.377
128.9286318	20.33069813	1	1.39156
129.0869888	20.58554693	1	1.41748
129.2394583	20.84396113	1	1.45184
129.38593	21.10582154	1	1.49528
129.5263921	21.370954	1	1.54423
129.6608682	21.63917223	1	1.60461
129.7893956	21.91029129	1	1.67068
129.9120191	22.18413121	1	1.74199
130.028805	22.46051122	1	1.82124
130.1398252	22.73925726	1	1.90428
130.2451595	23.02020122	1	1.99124
130.344907	23.30317701	1	2.08283
130.4391659	23.58802802	1	2.17815
130.5280413	23.87460439	1	2.27553
130.6116511	24.16276104	1	2.3746
130.6901149	24.45236126	1	2.47515
130.7635528	24.74327659	1	2.57742
130.8320891	25.03538553	1	2.68024
130.8958545	25.3285729	1	2.78288
130.954979	25.62273127	1	2.88498
131.0095928	25.91776042	1	2.98603
131.0598262	26.2135669	1	3.08525
131.1058096	26.51006379	0	3.04619
131.1476724	26.80717045	0	2.96666
131.1855435	27.10481228	0	2.88748
131.2195499	27.40292038	0	2.80984
131.2498173	27.70143129	0	2.73162
131.2764694	28.00028668	0	2.65787
131.2996278	28.29943308	0	2.5908
131.3194097	28.59882173	0	2.52799
131.3359317	28.89840795	0	2.4682
131.3493103	29.19815101	0	2.40977
131.359658	29.498014	0	2.3534
131.3670816	29.79796363	0	2.2999
131.371688	30.09796975	0	2.24918
131.3735842	30.39800524	0	2.20113
131.3728701	30.69804587	0	2.15566
131.3696451	30.99807003	0	2.11268
131.3640089	31.29805857	0	2.07208
131.3560539	31.59799459	0	2.03378
131.3458743	31.89786335	0	1.99769
131.3335615	32.19765209	0	1.96372
131.3192037	32.49734986	0	1.93178
131.3028892	32.79694748	0	1.90179
131.2847021	33.09643726	0	1.87367
131.2647277	33.39581315	0	1.84734
131.243047	33.69507031	0	1.8227
131.2197418	33.99420535	0	1.79969
131.1948921	34.29321604	0	1.77823
131.168576	34.59210124	0	1.75824
131.1408723	34.89086102	0	1.73963
131.1118562	35.1894962	0	1.72234
131.081605	35.48800879	0	1.70629
131.0501946	35.78640164	0	1.69141
131.0176993	36.08467829	0	1.67761
130.9841948	36.38284326	0	1.66483
130.9497564	36.68090182	0	1.65299
130.9144582	36.97885977	0	1.64201
130.8783759	37.27672379	0	1.63182
130.8415856	37.57450119	0	1.62235
130.8041639	37.8721999	0	1.61351
130.766188	38.16982841	0	1.60522
130.7277363	38.46739585	0	1.59742
130.688889	38.76491188	0	1.59002
130.6497274	39.06238672	0	1.58294
130.6103353	39.35983111	0	1.57608
130.5707983	39.65725628	0	1.56937
130.5312303	39.95467678	0	1.5627
130.5043777	40.25351353	0	1.54324
130.4636649	40.55078003	0	1.53772
130.4217998	40.84788643	0	1.53336
130.3790629	41.14486869	0	1.52989
130.3356067	41.44174655	0	1.52713
130.2915147	41.73853066	0	1.52503
130.2467046	42.03520717	0	1.52365
130.201352	42.33180125	0	1.52281
130.1554285	42.62830748	0	1.52256
130.1089266	42.92472353	0	1.52289
130.0620304	43.22107746	0	1.52362
130.0146561	43.51735534	0	1.52483
129.9668475	43.81356344	0	1.52648
129.9187584	44.10972615	0	1.52842
129.8703155	44.40583118	0	1.53072
129.8215859	44.70188917	0	1.5333
129.7726638	44.99791542	0	1.53608
129.7235322	45.29390696	0	1.53908
129.6742575	45.5898747	0	1.54222
129.6248839	45.88582597	0	1.54546
129.57544	46.18176551	0	1.54877
129.5259757	46.47770163	0	1.5521
129.4765311	46.77364104	0	1.55541
129.4271549	47.06959188	0	1.55865
129.37786	47.36555627	0	1.56181
129.3287132	47.66154529	0	1.56482
129.2797288	47.95756122	0	1.56766
129.2308622	48.25359663	0	1.57039
129.1821622	48.54965948	0	1.57294
129.1336134	48.84574718	0	1.57535
129.0851842	49.14185446	0	1.57763
129.0369113	49.43798726	0	1.57975
128.9887706	49.73414156	0	1.58174
128.9407532	50.03031591	0	1.58361
128.8928804	50.32651364	0	1.58533
128.8451209	50.62272967	0	1.58693
128.797488	50.91896609	0	1.5884
128.7499893	51.21522405	0	1.58974
128.7025874	51.51149752	0	1.59098
128.6553128	51.80779132	0	1.5921
128.6081606	52.10410463	0	1.59309
128.5610946	52.40043163	0	1.59399
128.514149	52.69677775	0	1.59477
128.4673114	52.99314095	0	1.59544
128.4205589	53.28951758	0	1.59602
128.3739154	53.58591139	0	1.59649
128.3273627	53.88231947	0	1.59687
128.2808945	54.17874082	0	1.59717
128.2345239	54.47517744	0	1.59737
128.1882286	54.77162584	0	1.59749
128.1420168	55.06808726	0	1.59752
128.0958916	55.36456217	0	1.59747
128.0498278	55.66104662	0	1.59736
128.0038437	55.95754345	0	1.59717
127.9579346	56.2540519	0	1.5969
127.9120774	56.55056839	0	1.59657
127.8662911	56.84709582	0	1.59618
127.8205666	57.14363279	0	1.59572
127.77489	57.44017715	0	1.59522
127.7292729	57.73673066	0	1.59465
127.6837036	58.03329153	0	1.59404
127.6381777	58.32985907	0	1.59338
127.5926998	58.62643396	0	1.59267
127.5472575	58.9230143	0	1.59193
127.5018528	59.21960041	0	1.59115
127.456485	59.51619217	0	1.59033
127.4111422	59.81278774	0	1.58949
127.3658293	60.10938789	0	1.58862
127.3205421	60.40599197	0	1.58772
127.2752713	60.70259854	0	1.5868
127.2300199	60.99920808	0	1.58587
127.184783	61.29581982	0	1.58492
127.1395552	61.59243296	0	1.58396
127.0943356	61.88904735	0	1.58299
127.0491201	62.18566236	0	1.58202
127.0039054	62.4822775	0	1.58105
126.958688	62.77889221	0	1.58008
126.9134657	63.07550618	0	1.57911
126.8682342	63.37211876	0	1.57816
126.8229892	63.66872928	0	1.57722
126.7777321	63.96533793	0	1.57629
126.7324537	64.26194336	0	1.57538
126.6871515	64.55854513	0	1.57449
126.6418293	64.85514387	0	1.57363
126.5964745	65.15173761	0	1.5728
126.551087	65.44832635	0	1.572
126.5056697	65.74491053	0	1.57124
126.4602093	66.0414881	0	1.57051
126.4147091	66.33805957	0	1.56983
126.3691666	66.63462455	0	1.56919
126.3235706	66.93118131	0	1.5686
126.2779295	67.22773114	0	1.56806
126.2322325	67.52427234	0	1.56757
126.1864723	67.82080381	0	1.56715
126.1406633	68.11732774	0	1.56678
126.0947824	68.41384056	0	1.56648
126.0488287	68.7103421	0	1.56626
126.0028192	69.00683498	0	1.56609
125.9567254	69.30331478	0	1.56601
125.9105528	69.59978232	0	1.566
125.8643122	69.89623925	0	1.56607
125.8179798	70.19268185	0	1.56623
125.7716122	70.48911894	0	1.56642
125.7253242	70.78556848	0	1.56654
125.6790955	71.08202727	0	1.56659
125.6328693	71.37848645	0	1.56664
125.5866431	71.67494563	0	1.56669
125.540417	71.97140481	0	1.56674
125.4941908	72.26786399	0	1.56679
125.4479646	72.56432318	0	1.56685
125.4017384	72.86078236	0	1.5669
125.3555123	73.15724154	0	1.56695
125.3092861	73.45370072	0	1.567
125.2630599	73.75015991	0	1.56705
125.2168337	74.04661909	0	1.5671
125.1706075	74.34307827	0	1.56715
125.1243813	74.63953745	0	1.5672
125.0781551	74.93599663	0	1.56725
125.031929	75.23245581	0	1.5673
124.9857028	75.52891499	0	1.56736
124.9394766	75.82537418	0	1.56741
124.8932504	76.12183336	0	1.56746
124.8470243	76.41829254	0	1.56751
124.8007981	76.71475172	0	1.56756
124.7545719	77.01121091	0	1.56761
124.7083457	77.30767009	0	1.56766
124.6621195	77.60412927	0	1.56771
124.6158933	77.90058845	0	1.56776
124.5696672	78.19704763	0	1.56781
124.523441	78.49350682	0	1.56786
124.4772148	78.789966	0	1.56792
124.4309886	79.08642518	0	1.56797
124.3847624	79.38288436	0	1.56802
124.3385363	79.67934354	0	1.56807
124.2923101	79.97580273	0	1.56812
124.2460839	80.27226191	0	1.56817
124.1998577	80.56872109	0	1.56822
124.1536315	80.86518027	0	1.56827
124.1074054	81.16163945	0	1.56832
124.0611792	81.45809864	0	1.56837
124.014953	81.75455782	0	1.56843
123.9687268	82.051017	0	1.56848
123.9225006	82.34747618	0	1.56853
123.8762745	82.64393536	0	1.56858
123.8300483	82.94039455	0	1.56863
123.7838221	83.23685373	0	1.56868
123.7375959	83.53331291	0	1.56873
123.6913697	83.82977209	0	1.56878
123.6451436	84.12623127	0	1.56883
123.5989174	84.42269046	0	1.56888
123.5526912	84.71914964	0	1.56894
123.506465	85.01560882	0	1.56899
123.4602388	85.312068	0	1.56904
123.4140127	85.60852718	0	1.56909
123.3677865	85.90498637	0	1.56914
123.3215603	86.20144555	0	1.56919
123.2753341	86.49790473	0	1.56924
123.2291079	86.79436391	0	1.56929
123.1828818	87.09082309	0	1.56934
123.1366556	87.38728228	0	1.56939
123.0904294	87.68374146	0	1.56945
123.0442032	87.98020064	0	1.5695
122.997977	88.27665982	0	1.56955
122.9517508	88.573119	0	1.5696
122.9055247	88.86957819	0	1.56965
122.8592985	89.16603737	0	1.5697
122.8130723	89.46249655	0	1.56975
122.7668461	89.75895573	0	1.5698
122.72062	90.05541492	0	1.56985
122.6743938	90.3518741	0	1.5699
122.6281676	90.64833328	0	1.56996
122.5819414	90.94479246	0	1.57001
122.5357152	91.24125164	0	1.57006
122.489489	91.53771082	0	1.57011
122.4432628	91.83417	0	1.57016
122.3970366	92.13062918	0	1.57021
122.3508104	92.42708835	0	1.57026
122.3045842	92.72354753	0	1.57031
122.258358	93.0200067	0	1.57036
122.2121318	93.31646589	0	1.57041
122.1659057	93.61292508	0	1.57047
122.1196795	93.90938427	0	1.57052
122.0734534	94.20584346	0	1.57057
122.0272272	94.50230264	0	1.57062
121.9810011	94.79876182	0	1.57067
121.9347749	95.09522101	0	1.57072
121.8885487	95.39168019	0	1.57077
121.8423225	95.68813938	0	1.57082
121.7960964	95.98459856	0	1.57087
121.7498702	96.28105774	0	1.57092
121.703644	96.57751692	0	1.57097
121.6574178	96.8739761	0	1.57103
121.6111916	97.17043528	0	1.57108
121.5649654	97.46689446	0	1.57113
121.5187392	97.76335364	0	1.57118
121.472513	98.05981282	0	1.57123
121.4262869	98.35627201	0	1.57128
121.3800607	98.65273119	0	1.57133
121.3338345	98.94919037	0	1.57138
121.2876083	99.24564955	0	1.57143
121.2413822	99.54210874	0	1.57148
121.195156	99.83856793	0	1.57154
121.1489299	100.1350271	0	1.57159
121.1027037	100.4314863	0	1.57164
121.0564775	100.7279455	0	1.57169
121.0102513	101.0244047	0	1.57174
120.9640251	101.3208638	0	1.57179
120.9177989	101.617323	0	1.57184
120.8715727	101.9137822	0	1.57189
120.8253466	102.2102414	0	1.57194
120.7791204	102.5067006	0	1.57199
120.7328942	102.8031597	0	1.57205
120.686668	103.0996189	0	1.5721
120.6404418	103.3960781	0	1.57215
120.5942157	103.6925373	0	1.5722
120.5479895	103.9889965	0	1.57225
120.5017633	104.2854557	0	1.5723
120.4555371	104.5819148	0	1.57235
120.4093109	104.878374	0	1.5724
120.3630848	105.1748332	0	1.57245
120.3168586	105.4712924	0	1.5725
120.2706324	105.7677516	0	1.57256
120.2244062	106.0642107	0	1.57261
120.17818	106.3606699	0	1.57266
120.1319539	106.6571291	0	1.57271
120.0857277	106.9535883	0	1.57276
120.0395015	107.2500475	0	1.57281
119.9932753	107.5465067	0	1.57286
119.9470491	107.8429658	0	1.57291
119.9008229	108.139425	0	1.57296
119.8545968	108.4358842	0	1.57301
119.8083706	108.7323434	0	1.57307
119.7621444	109.0288026	0	1.57312
119.7159182	109.3252617	0	1.57317
119.669692	109.6217209	0	1.57322
119.6234659	109.9181801	0	1.57327
119.5772397	110.2146393	0	1.57332
119.5310135	110.5110985	0	1.57337
119.4847873	110.8075577	0	1.57342
119.4385611	111.1040168	0	1.57347
119.392335	111.400476	0	1.57352
119.3461088	111.6969352	0	1.57358
119.2998826	111.9933944	0	1.57363
119.2536564	112.2898536	0	1.57368
119.2074303	112.5863128	0	1.57373
119.1612041	112.8827719	0	1.57378
119.1149779	113.1792311	0	1.57383
119.0687517	113.4756903	0	1.57388
119.0225255	113.7721495	0	1.57393
118.9762993	114.0686087	0	1.57398
118.9300732	114.3650678	0	1.57403
118.883847	114.661527	0	1.57409
118.8376208	114.9579862	0	1.57414
118.7913946	115.2544454	0	1.57419
118.7451684	115.5509046	0	1.57424
118.697357	115.8471122	0	1.57589
118.6504003	116.1434566	0	1.57668
118.6046853	116.439995	0	1.57622
118.5601377	116.7367111	0	1.57457
118.516595	117.0335763	0	1.57191
118.4739422	117.3305706	0	1.56835
118.4320741	117.6276766	0	1.56399
118.3908894	117.9248781	0	1.55895
118.3502902	118.2221601	0	1.55331
118.3101816	118.5195087	0	1.54718
118.2704714	118.8169108	0	1.54065
118.2310694	119.1143539	0	1.5338
118.1918881	119.4118262	0	1.52674
118.1528417	119.7093161	0	1.51954
118.1138464	120.0068128	0	1.51228
118.0748198	120.3043054	0	1.50506
118.0356807	120.6017832	0	1.49795
117.9963491	120.8992356	0	1.49104
117.9567456	121.1966519	0	1.4844
117.9167925	121.4940215	0	1.47811
117.8764118	121.7913333	0	1.47226
117.8355228	122.0885756	0	1.46691
117.7940238	122.3857334	0	1.46218
117.7518575	122.6827972	0	1.45813
117.7089492	122.9797547	0	1.45483
117.6652209	123.2765926	0	1.45235
117.6205951	123.5732969	0	1.45078
117.5749948	123.869853	0	1.4502
117.5283396	124.166245	0	1.45069
117.4805528	124.4624566	0	1.45232
117.4315528	124.75847	0	1.45518
117.3812603	125.0542665	0	1.45935
117.3295914	125.3498257	0	1.46492
117.276464	125.6451262	0	1.47196
117.2217944	125.940145	0	1.48058
117.165495	126.2348572	0	1.49085
117.1074816	126.5292368	0	1.50287
117.0476618	126.8232547	0	1.51673
116.9859463	127.1168805	0	1.53252
116.9222454	127.410082	0	1.55034
116.8564312	127.7028163	0	1.57032
116.7883567	127.9950333	0	1.59261
116.7179985	128.2867088	0	1.61724
116.6452552	128.5777987	0	1.64432
116.570021	128.8682548	0	1.67396
116.4921916	129.1580262	0	1.70627
116.4116621	129.4470589	0	1.74135
116.3283231	129.7352941	0	1.77934
116.2420627	130.0226685	0	1.82035
116.1527671	130.3091143	0	1.8645
116.0603206	130.5945588	0	1.91191
115.9646057	130.878924	0	1.96272
115.8655032	131.1621264	0	2.01706
115.7628925	131.4440766	0	2.07506
115.656652	131.7246793	0	2.13685
115.5466591	132.0038324	0	2.20257
115.4327911	132.2814274	0	2.27236
115.3149252	132.5573486	0	2.34636
115.1929326	132.8314703	0	2.42471
115.0665929	133.1036159	0	2.50766
114.9357712	133.3736354	0	2.59537
114.8004545	133.6414307	0	2.68786
114.6605183	133.9068413	1	2.78528
114.5158645	134.1697104	1	2.88776
114.3663806	134.4298631	1	2.99543
114.2119685	134.6871214	1	3.10841
114.0525376	134.9412998	1	3.02369
113.8880022	135.1922042	1	2.91095
113.718291	135.439637	1	2.799
113.5433412	135.683394	1	2.68713
113.3631027	135.9232669	1	2.57571
113.1775414	136.1590462	1	2.46611
112.9866341	136.3905183	1	2.36064
112.7903779	136.6174729	1	2.25856
112.5887826	136.8396985	1	2.16049
112.3818777	137.0569892	1	2.06669
112.1697101	137.2691444	1	1.98174
111.952344	137.4759701	1	1.90113
111.7296987	137.6771017	1	1.83021
111.5019644	137.8724527	1	1.7685
111.2693323	138.0619446	1	1.71486
111.0319482	138.2454486	1	1.67611
110.7899498	138.4228229	1	1.64724
110.543464	138.5939066	1	1.63088
110.2925628	138.7584467	1	1.63233
110.0372765	138.9160976	1	1.64275
109.7776956	139.0665722	1	1.66872
109.5140285	139.2097662	1	1.70549
109.2465131	139.345635	1	1.75639
108.9753869	139.4741474	1	1.81668
108.7008996	139.5953149	1	1.88785
108.4232924	139.709153	1	1.96632
108.1428128	139.8157177	1	2.05468
107.8597011	139.9150787	1	2.14997
107.5741902	140.0073196	1	2.24906
107.2865122	140.0925617	1	2.35324
106.9968786	140.1709021	1	2.46034
106.7054384	140.2422284	1	2.56736
106.4124547	140.3069231	1	2.6742
106.1181234	140.3651808	1	2.77932
105.8226222	140.4171799	1	2.88087
105.526113	140.4630838	1	2.97776
105.2287465	140.5030595	1	3.06892
104.9306647	140.5372955	1	3.15366
104.6319965	140.5659684	1	3.19765
104.3328601	140.5892552	1	3.12568
104.0333635	140.6073296	1	3.05879
103.7336055	140.6203686	1	2.99682
103.4336756	140.628549	1	2.93962
103.1336544	140.6320413	1	2.88703
102.8336147	140.6310127	1	2.8389
102.5336216	140.6256269	1	2.79507
102.2337332	140.6160438	1	2.7554
101.9340013	140.6024191	0	2.71974
101.6344716	140.5849008	0	2.68796
101.3351853	140.5636272	0	2.65992
101.0361898	140.5385959	0	2.63563
100.7375032	140.5101141	0	2.6148
100.4391515	140.4783147	0	2.5973
100.1411573	140.443324	0	2.583
99.84353958	140.4052641	0	2.5718
99.54631291	140.3642616	0	2.56356
99.24949008	140.3204312	0	2.55817
98.95308138	140.2738825	0	2.55554
98.65709369	140.2247278	0	2.55554
98.36153198	140.1730734	0	2.55808
98.06639983	140.1190188	0	2.56306
97.77169782	140.0626661	0	2.57038
97.47742546	140.0041112	0	2.57994
97.18358086	139.9434461	0	2.59165
96.89015958	139.8807655	0	2.60542
96.59715724	139.8161549	0	2.62116
96.30456726	139.7497019	0	2.63879
96.01238146	139.6814937	0	2.65821
95.72059661	139.6115901	0	2.67937
95.42921115	139.54004	0	2.70222
95.13819939	139.4669848	0	2.72662
94.84755022	139.3925002	0	2.75249
94.55725077	139.3166639	0	2.77975
94.267287	139.2395542	0	2.80832
93.97764463	139.1612458	0	2.83812
93.68830859	139.0818131	0	2.86909
93.39926246	139.0013318	0	2.90113
93.11048896	138.9198777	0	2.93418
92.82197012	138.8375261	0	2.96816
92.53368707	138.7543528	0	3.00299
92.24561997	138.6704347	0	3.03858
91.957748	138.5858496	0	3.07487
91.67004928	138.5006771	0	3.11176
91.38250089	138.4149985	0	3.14918
91.09507875	138.3288973	0	3.13685
90.80775778	138.2424591	0	3.099
90.52051138	138.1557734	0	3.06284
90.2333789	138.0687118	0	3.0287
89.94932497	137.9720771	0	2.98749
89.66646146	137.8720115	0	2.94553
89.38462292	137.7690945	0	2.90349
89.10471528	137.6610361	0	2.85881
88.82567804	137.5507496	0	2.81507
88.54829886	137.436357	0	2.77046
88.27231944	137.3186274	0	2.72531
87.99730308	137.1986654	0	2.681
87.72444178	137.0738791	0	2.63486
87.45247821	136.9471483	0	2.59016
87.1820832	136.8171043	0	2.54577
86.91323187	136.6838982	0	2.50221
86.64527205	136.5489078	0	2.46032
86.37947824	136.4097009	0	2.41754
86.11461639	136.268729	1	2.37724
85.85116344	136.1251412	1	2.33883
85.58933066	135.9786199	1	2.30187
85.32835241	135.8305819	1	2.26821
85.0693158	135.6791721	1	2.23603
84.81127166	135.526077	1	2.20733
84.55443129	135.3709708	1	2.18191
84.29921603	135.2132049	1	2.15919
84.04478737	135.0541736	1	2.14104
83.79203077	134.892498	1	2.12606
83.54029051	134.7292444	1	2.11579
83.28954218	134.5644713	1	2.11055
83.04036714	134.3973285	1	2.10953
82.79189234	134.2291465	1	2.11553
82.5448049	134.0589329	1	2.12734
82.29870793	133.8872902	1	2.14552
82.05338633	133.7145413	1	2.17057
81.8095398	133.5397163	1	2.2015
81.56629679	133.3640526	1	2.23981
81.32416374	133.186862	1	2.28479
81.08296167	133.0084062	1	2.33776
80.84233912	132.8291698	1	2.39952
80.60304359	132.6481655	1	2.46758
80.36424485	132.4665063	1	2.54317
80.12629086	132.283742	1	2.62527
79.88915084	132.0999227	1	2.71442
79.65244937	131.9155391	1	2.81264
79.41672959	131.7299021	1	2.91637
79.18141117	131.5437566	1	3.02613
78.94665762	131.3568993	1	3.14113
78.71251695	131.1692745	1	3.26131
78.47867237	130.9812808	1	3.38694
78.24544572	130.7925211	1	3.51656
78.01250321	130.6034108	1	3.55557
77.77987885	130.4139093	1	3.52189
77.54763725	130.223939	1	3.49059
77.31555407	130.0337751	1	3.46146
77.08376225	129.8432562	1	3.43479
76.85210328	129.6525757	1	3.41048
76.62056124	129.4617533	1	3.38862
76.38913056	129.2707959	1	3.36928
76.15772118	129.0798126	1	3.35242
75.92632085	128.8888184	1	3.33812
75.69486269	128.6978942	1	3.32658
75.46335937	128.5070249	1	3.3178
75.23165501	128.3163996	1	3.31149
74.99983469	128.1259154	1	3.30784
74.76778036	127.9357163	1	3.30674
74.53543452	127.7458734	1	3.30799
74.30291896	127.5562384	1	3.31068
74.0698481	127.3672864	1	3.31239
73.83651983	127.1786523	1	3.31321
73.60274932	126.9905665	1	3.31289
73.36840903	126.8031911	1	3.31135
73.13376015	126.6162023	1	3.30922
72.89825749	126.43029	1	3.30571
72.66229915	126.2449563	1	3.30159
72.42572625	126.0604078	1	3.29676
72.18825572	125.8770157	1	3.29092
71.95033288	125.6942108	1	3.28483
71.71128796	125.5128757	1	3.27765
71.47154198	125.3324684	1	3.27005
71.23104756	125.1530601	1	3.2621
70.98927269	124.9753811	1	3.25337
70.74689692	124.7985228	1	3.24453
70.50317138	124.6235291	1	3.23502
70.25844836	124.4499332	1	3.22525
70.01288228	124.2775319	1	3.21519
69.76559845	124.1076037	1	3.20497
69.51756257	123.938775	1	3.19459
69.26799367	123.7722209	1	3.18406
69.01708873	123.6076864	1	3.17341
68.76529648	123.444513	1	3.16301
68.51131093	123.2847749	1	3.15173
68.25642512	123.1264774	1	3.14144
67.99987706	122.9708882	1	3.13052
67.74161919	122.8181538	1	3.11981
67.48242966	122.6670059	1	3.11033
67.22066647	122.5203603	1	3.09815
66.95782174	122.3756622	1	3.0897
66.69326502	122.2341184	1	3.08002
66.42663118	122.0965274	1	3.07038
66.15895726	121.9609709	1	3.06281
65.88864474	121.8307555	1	3.05311
65.61699239	121.7033589	1	3.04388
65.34368642	121.5795496	1	3.03828
65.06801419	121.4611024	1	3.02997
64.79125254	121.3452237	1	3.02505
64.51196551	121.2355713	1	3.01879
64.23115874	121.1298714	1	3.01315
63.94889112	121.028137	1	3.00751
63.66416674	120.933496	1	3.00464
63.37841065	120.8420173	1	3.00226
63.09049849	120.7575692	1	2.99888
62.80107881	120.6784418	1	2.99681
62.51054568	120.6035059	1	2.99724
62.21782192	120.5376447	1	2.99429
61.92428004	120.4755314	1	2.99633
61.62923267	120.4210159	1	2.9978
61.33300454	120.3733316	1	2.99678
61.03613439	120.329823	1	3.00285
60.73787219	120.2971954	1	3.00437
60.43919743	120.2685898	1	3.00783
60.13990698	120.2473738	1	3.00929
59.84018534	120.2335231	1	3.01552
59.54031103	120.2235088	1	3.02208
59.24026965	120.2232363	1	3.02499
58.94025016	120.2268707	1	3.03121
58.640359	120.2363675	1	3.03823
58.340764	120.2527303	1	3.04345
58.04136286	120.2723225	1	3.05265
57.74256379	120.2995992	1	3.05983
57.44412989	120.3306171	1	3.06691
57.14618355	120.3660132	1	3.0769
56.84902848	120.4075315	1	3.08581
56.55224971	120.4516593	1	3.09584
56.25639597	120.501614	1	3.10534
55.96113858	120.5549804	1	3.11626
55.66646279	120.6114701	1	3.12694
55.37284803	120.673238	1	3.13755
55.07967177	120.7370549	1	3.15003
54.78746311	120.8051651	1	3.16096
54.49597265	120.8762862	1	3.17333
54.20501409	120.949553	1	3.1864
53.9152089	121.0272567	1	3.19775
53.62582927	121.1065305	1	3.21087
53.33730951	121.1888789	1	3.22328
53.04953612	121.2737987	1	3.23519
52.76218179	121.360126	1	3.24924
